500.0 	500.0 	0.0006466537514061116 	3.4600478694392774e-05 	0.0006597947215674617 	0.0006466537514061116 	0.0006597947215674617 	0.0006466537514061116 	0.0006318350899852245 	0.0006466537514061116 	0.0006318350899852245
530.0 	530.0 	0.0006466537514061116 	3.4600478694392774e-05 	0.0006597947215674617 	0.0006466537514061116 	0.0006597947215674617 	0.0006466537514061116 	0.0006318350899852245 	0.0006466537514061116 	0.0006318350899852245
530.0 	530.0 	0.0006904069433406162 	4.0589483303709886e-05 	0.0007067773987760933 	0.0006904069433406162 	0.0007067773987760933 	0.0006904069433406162 	0.0006726794539890888 	0.0006904069433406162 	0.0006726794539890888
560.0 	560.0 	0.0006904069433406162 	4.0589483303709886e-05 	0.0007067773987760933 	0.0006904069433406162 	0.0007067773987760933 	0.0006904069433406162 	0.0006726794539890888 	0.0006904069433406162 	0.0006726794539890888
560.0 	560.0 	0.0007277388178694071 	4.5724814457826896e-05 	0.0007472661729282419 	0.0007277388178694071 	0.0007472661729282419 	0.0007277388178694071 	0.0007072127598683391 	0.0007277388178694071 	0.0007072127598683391
590.0 	590.0 	0.0007277388178694071 	4.5724814457826896e-05 	0.0007472661729282419 	0.0007277388178694071 	0.0007472661729282419 	0.0007277388178694071 	0.0007072127598683391 	0.0007277388178694071 	0.0007072127598683391
590.0 	590.0 	0.0007560388280944276 	5.361236751548962e-05 	0.0007785164623918928 	0.0007560388280944276 	0.0007785164623918928 	0.0007560388280944276 	0.000732944803005922 	0.0007560388280944276 	0.000732944803005922
620.0 	620.0 	0.0007560388280944276 	5.361236751548962e-05 	0.0007785164623918928 	0.0007560388280944276 	0.0007785164623918928 	0.0007560388280944276 	0.000732944803005922 	0.0007560388280944276 	0.000732944803005922
620.0 	620.0 	0.000783048705176909 	5.6481099493353535e-05 	0.0008085895006303991 	0.000783048705176909 	0.0008085895006303991 	0.000783048705176909 	0.0007573123894018994 	0.000783048705176909 	0.0007573123894018994
650.0 	650.0 	0.000783048705176909 	5.6481099493353535e-05 	0.0008085895006303991 	0.000783048705176909 	0.0008085895006303991 	0.000783048705176909 	0.0007573123894018994 	0.000783048705176909 	0.0007573123894018994
650.0 	650.0 	0.0008017092036797566 	6.175409218346871e-05 	0.0008300219928366339 	0.0008017092036797566 	0.0008300219928366339 	0.0008017092036797566 	0.0007736183219192155 	0.0008017092036797566 	0.0007736183219192155
680.0 	680.0 	0.0008017092036797566 	6.175409218346871e-05 	0.0008300219928366339 	0.0008017092036797566 	0.0008300219928366339 	0.0008017092036797566 	0.0007736183219192155 	0.0008017092036797566 	0.0007736183219192155
680.0 	680.0 	0.0008163960706434274 	6.603768105457324e-05 	0.0008473452414027334 	0.0008163960706434274 	0.0008473452414027334 	0.0008163960706434274 	0.0007860976001260302 	0.0008163960706434274 	0.0007860976001260302
710.0 	710.0 	0.0008163960706434274 	6.603768105457324e-05 	0.0008473452414027334 	0.0008163960706434274 	0.0008473452414027334 	0.0008163960706434274 	0.0007860976001260302 	0.0008163960706434274 	0.0007860976001260302
710.0 	710.0 	0.0008270461158133538 	6.94807940198781e-05 	0.0008604952333079265 	0.0008270461158133538 	0.0008604952333079265 	0.0008270461158133538 	0.0007946786554353175 	0.0008270461158133538 	0.0007946786554353175
740.0 	740.0 	0.0008270461158133538 	6.94807940198781e-05 	0.0008604952333079265 	0.0008270461158133538 	0.0008604952333079265 	0.0008270461158133538 	0.0007946786554353175 	0.0008270461158133538 	0.0007946786554353175
740.0 	740.0 	0.0008324441267370118 	7.442439459172421e-05 	0.000868090816621346 	0.0008324441267370118 	0.000868090816621346 	0.0008324441267370118 	0.0007982935919110809 	0.0008324441267370118 	0.0007982935919110809
770.0 	770.0 	0.0008324441267370118 	7.442439459172421e-05 	0.000868090816621346 	0.0008324441267370118 	0.000868090816621346 	0.0008324441267370118 	0.0007982935919110809 	0.0008324441267370118 	0.0007982935919110809
770.0 	770.0 	0.0008350591105528334 	7.807389636335154e-05 	0.0008727581318708177 	0.0008350591105528334 	0.0008727581318708177 	0.0008350591105528334 	0.0007992625174443607 	0.0008350591105528334 	0.0007992625174443607
800.0 	800.0 	0.0008350591105528334 	7.807389636335154e-05 	0.0008727581318708177 	0.0008350591105528334 	0.0008727581318708177 	0.0008350591105528334 	0.0007992625174443607 	0.0008350591105528334 	0.0007992625174443607
800.0 	800.0 	0.0008341128023134009 	8.256106048237308e-05 	0.0008735825973404779 	0.0008341128023134009 	0.0008735825973404779 	0.0008341128023134009 	0.000796922535845348 	0.0008341128023134009 	0.000796922535845348
830.0 	830.0 	0.0008341128023134009 	8.256106048237308e-05 	0.0008735825973404779 	0.0008341128023134009 	0.0008735825973404779 	0.0008341128023134009 	0.000796922535845348 	0.0008341128023134009 	0.000796922535845348
830.0 	830.0 	0.0008309775641179994 	8.627219260860508e-05 	0.0008721086130003613 	0.0008309775641179994 	0.0008721086130003613 	0.0008309775641179994 	0.0007924974480326464 	0.0008309775641179994 	0.0007924974480326464
860.0 	860.0 	0.0008309775641179994 	8.627219260860508e-05 	0.0008721086130003613 	0.0008309775641179994 	0.0008721086130003613 	0.0008309775641179994 	0.0007924974480326464 	0.0008309775641179994 	0.0007924974480326464
860.0 	860.0 	0.000825564557400346 	8.878997718259045e-05 	0.0008681178209367017 	0.000825564557400346 	0.0008681178209367017 	0.000825564557400346 	0.0007860050864112621 	0.000825564557400346 	0.0007860050864112621
890.0 	890.0 	0.000825564557400346 	8.878997718259045e-05 	0.0008681178209367017 	0.000825564557400346 	0.0008681178209367017 	0.000825564557400346 	0.0007860050864112621 	0.000825564557400346 	0.0007860050864112621
890.0 	890.0 	0.0008210615062205717 	8.968914397076696e-05 	0.0008650928408972477 	0.0008210615062205717 	0.0008650928408972477 	0.0008210615062205717 	0.0007803752493626159 	0.0008210615062205717 	0.0007803752493626159
920.0 	920.0 	0.0008210615062205717 	8.968914397076696e-05 	0.0008650928408972477 	0.0008210615062205717 	0.0008650928408972477 	0.0008210615062205717 	0.0007803752493626159 	0.0008210615062205717 	0.0007803752493626159
920.0 	920.0 	0.0008123871934792602 	9.135303634950054e-05 	0.0008575804494849002 	0.0008123871934792602 	0.0008575804494849002 	0.0008123871934792602 	0.0007708558173825765 	0.0008123871934792602 	0.0007708558173825765
950.0 	950.0 	0.0008123871934792602 	9.135303634950054e-05 	0.0008575804494849002 	0.0008123871934792602 	0.0008575804494849002 	0.0008123871934792602 	0.0007708558173825765 	0.0008123871934792602 	0.0007708558173825765
950.0 	950.0 	0.0008028014084341104 	9.357762338939805e-05 	0.000849057562749092 	0.0008028014084341104 	0.000849057562749092 	0.0008028014084341104 	0.0007605154653493314 	0.0008028014084341104 	0.0007605154653493314
980.0 	980.0 	0.0008028014084341104 	9.357762338939805e-05 	0.000849057562749092 	0.0008028014084341104 	0.000849057562749092 	0.0008028014084341104 	0.0007605154653493314 	0.0008028014084341104 	0.0007605154653493314
980.0 	980.0 	0.0007919218220915869 	9.535982735306058e-05 	0.0008390781213008836 	0.0007919218220915869 	0.0008390781213008836 	0.0007919218220915869 	0.0007490128454297831 	0.0007919218220915869 	0.0007490128454297831
1010.0 	1010.0 	0.0007919218220915869 	9.535982735306058e-05 	0.0008390781213008836 	0.0007919218220915869 	0.0008390781213008836 	0.0007919218220915869 	0.0007490128454297831 	0.0007919218220915869 	0.0007490128454297831
1010.0 	1010.0 	0.0007830377514873825 	9.334684828803126e-05 	0.0008311348518927785 	0.0007830377514873825 	0.0008311348518927785 	0.0007830377514873825 	0.000739475314626424 	0.0007830377514873825 	0.000739475314626424
1040.0 	1040.0 	0.0007830377514873825 	9.334684828803126e-05 	0.0008311348518927785 	0.0007830377514873825 	0.0008311348518927785 	0.0007830377514873825 	0.000739475314626424 	0.0007830377514873825 	0.000739475314626424
1040.0 	1040.0 	0.000768340707270451 	9.694332934665456e-05 	0.0008169445608272353 	0.000768340707270451 	0.0008169445608272353 	0.000768340707270451 	0.0007244938191033705 	0.000768340707270451 	0.0007244938191033705
1070.0 	1070.0 	0.000768340707270451 	9.694332934665456e-05 	0.0008169445608272353 	0.000768340707270451 	0.0008169445608272353 	0.000768340707270451 	0.0007244938191033705 	0.000768340707270451 	0.0007244938191033705
1070.0 	1070.0 	0.0007540873278335234 	9.877410979162794e-05 	0.0008029795575807962 	0.0007540873278335234 	0.0008029795575807962 	0.0007540873278335234 	0.0007101397709582398 	0.0007540873278335234 	0.0007101397709582398
1100.0 	1100.0 	0.0007540873278335234 	9.877410979162794e-05 	0.0008029795575807962 	0.0007540873278335234 	0.0008029795575807962 	0.0007540873278335234 	0.0007101397709582398 	0.0007540873278335234 	0.0007101397709582398
1100.0 	1100.0 	0.0007356192380150076 	0.00010323471583357709 	0.0007846503444885845 	0.0007356192380150076 	0.0007846503444885845 	0.0007356192380150076 	0.0006917118944518993 	0.0007356192380150076 	0.0006917118944518993
1130.0 	1130.0 	0.0007356192380150076 	0.00010323471583357709 	0.0007846503444885845 	0.0007356192380150076 	0.0007846503444885845 	0.0007356192380150076 	0.0006917118944518993 	0.0007356192380150076 	0.0006917118944518993
1130.0 	1130.0 	0.0007264062048004902 	9.923977359895244e-05 	0.0007759851511281015 	0.0007264062048004902 	0.0007759851511281015 	0.0007264062048004902 	0.0006821499980329703 	0.0007264062048004902 	0.0006821499980329703
1160.0 	1160.0 	0.0007264062048004902 	9.923977359895244e-05 	0.0007759851511281015 	0.0007264062048004902 	0.0007759851511281015 	0.0007264062048004902 	0.0006821499980329703 	0.0007264062048004902 	0.0006821499980329703
1160.0 	1160.0 	0.0007090755969067002 	0.00010174518493943212 	0.0007586644939714327 	0.0007090755969067002 	0.0007586644939714327 	0.0007090755969067002 	0.0006649602463184421 	0.0007090755969067002 	0.0006649602463184421
1190.0 	1190.0 	0.0007090755969067002 	0.00010174518493943212 	0.0007586644939714327 	0.0007090755969067002 	0.0007586644939714327 	0.0007090755969067002 	0.0006649602463184421 	0.0007090755969067002 	0.0006649602463184421
1190.0 	1190.0 	0.0006966907398296133 	0.00010046362837296707 	0.0007466439758910125 	0.0006966907398296133 	0.0007466439758910125 	0.0006966907398296133 	0.0006523957737616009 	0.0006966907398296133 	0.0006523957737616009
1220.0 	1220.0 	0.0006966907398296133 	0.00010046362837296707 	0.0007466439758910125 	0.0006966907398296133 	0.0007466439758910125 	0.0006966907398296133 	0.0006523957737616009 	0.0006966907398296133 	0.0006523957737616009
1220.0 	1220.0 	0.0006809798331949252 	0.00010026044679010759 	0.0007308915037765526 	0.0006809798331949252 	0.0007308915037765526 	0.0006809798331949252 	0.0006368615437051249 	0.0006809798331949252 	0.0006368615437051249
1250.0 	1250.0 	0.0006809798331949252 	0.00010026044679010759 	0.0007308915037765526 	0.0006809798331949252 	0.0007308915037765526 	0.0006809798331949252 	0.0006368615437051249 	0.0006809798331949252 	0.0006368615437051249
1250.0 	1250.0 	0.0006644928011122209 	0.00010197604702208508 	0.00071425235875229 	0.0006644928011122209 	0.00071425235875229 	0.0006644928011122209 	0.0006206271957747222 	0.0006644928011122209 	0.0006206271957747222
1280.0 	1280.0 	0.0006644928011122209 	0.00010197604702208508 	0.00071425235875229 	0.0006644928011122209 	0.00071425235875229 	0.0006644928011122209 	0.0006206271957747222 	0.0006644928011122209 	0.0006206271957747222
1280.0 	1280.0 	0.0006530755088365862 	9.736485005357058e-05 	0.0007030902113418722 	0.0006530755088365862 	0.0007030902113418722 	0.0006530755088365862 	0.0006091195374493507 	0.0006530755088365862 	0.0006091195374493507
1310.0 	1310.0 	0.0006530755088365862 	9.736485005357058e-05 	0.0007030902113418722 	0.0006530755088365862 	0.0007030902113418722 	0.0006530755088365862 	0.0006091195374493507 	0.0006530755088365862 	0.0006091195374493507
1310.0 	1310.0 	0.0006383883476058607 	9.710360008900119e-05 	0.0006882220910273274 	0.0006383883476058607 	0.0006882220910273274 	0.0006383883476058607 	0.0005946996133444682 	0.0006383883476058607 	0.0005946996133444682
1340.0 	1340.0 	0.0006383883476058607 	9.710360008900119e-05 	0.0006882220910273274 	0.0006383883476058607 	0.0006882220910273274 	0.0006383883476058607 	0.0005946996133444682 	0.0006383883476058607 	0.0005946996133444682
1340.0 	1340.0 	0.0006221897703987921 	9.57357041266674e-05 	0.0006716258518648131 	0.0006221897703987921 	0.0006716258518648131 	0.0006221897703987921 	0.0005789486850183038 	0.0006221897703987921 	0.0005789486850183038
1370.0 	1370.0 	0.0006221897703987921 	9.57357041266674e-05 	0.0006716258518648131 	0.0006221897703987921 	0.0006716258518648131 	0.0006221897703987921 	0.0005789486850183038 	0.0006221897703987921 	0.0005789486850183038
1370.0 	1370.0 	0.0006030849821794484 	0.00010089019805660998 	0.0006518384774529015 	0.0006030849821794484 	0.0006518384774529015 	0.0006030849821794484 	0.000560533401889994 	0.0006030849821794484 	0.000560533401889994
1400.0 	1400.0 	0.0006030849821794484 	0.00010089019805660998 	0.0006518384774529015 	0.0006030849821794484 	0.0006518384774529015 	0.0006030849821794484 	0.000560533401889994 	0.0006030849821794484 	0.000560533401889994
1400.0 	1400.0 	0.0005928386211548649 	9.581608931783354e-05 	0.0006418271125511888 	0.0005928386211548649 	0.0006418271125511888 	0.0005928386211548649 	0.0005502111840639903 	0.0005928386211548649 	0.0005502111840639903
1430.0 	1430.0 	0.0005928386211548649 	9.581608931783354e-05 	0.0006418271125511888 	0.0005928386211548649 	0.0006418271125511888 	0.0005928386211548649 	0.0005502111840639903 	0.0005928386211548649 	0.0005502111840639903
1430.0 	1430.0 	0.0005785845553014575 	9.446455106960844e-05 	0.00062714745258063 	0.0005785845553014575 	0.00062714745258063 	0.0005785845553014575 	0.0005364064485455582 	0.0005785845553014575 	0.0005364064485455582
1460.0 	1460.0 	0.0005785845553014575 	9.446455106960844e-05 	0.00062714745258063 	0.0005785845553014575 	0.00062714745258063 	0.0005785845553014575 	0.0005364064485455582 	0.0005785845553014575 	0.0005364064485455582
1460.0 	1460.0 	0.0005629016498120589 	9.430579782594478e-05 	0.0006110039799158337 	0.0005629016498120589 	0.0006110039799158337 	0.0005629016498120589 	0.0005212248818503368 	0.0005629016498120589 	0.0005212248818503368
1490.0 	1490.0 	0.0005629016498120589 	9.430579782594478e-05 	0.0006110039799158337 	0.0005629016498120589 	0.0006110039799158337 	0.0005629016498120589 	0.0005212248818503368 	0.0005629016498120589 	0.0005212248818503368
1490.0 	1490.0 	0.0005533294997208105 	8.879067298260977e-05 	0.0006014393374097492 	0.0005533294997208105 	0.0006014393374097492 	0.0005533294997208105 	0.0005117390552009861 	0.0005533294997208105 	0.0005117390552009861
1520.0 	1520.0 	0.0005533294997208105 	8.879067298260977e-05 	0.0006014393374097492 	0.0005533294997208105 	0.0006014393374097492 	0.0005533294997208105 	0.0005117390552009861 	0.0005533294997208105 	0.0005117390552009861
1520.0 	1520.0 	0.0005325224382955469 	9.370543120057541e-05 	0.000579501774084876 	0.0005325224382955469 	0.000579501774084876 	0.0005325224382955469 	0.0004919892026878012 	0.0005325224382955469 	0.0004919892026878012
1550.0 	1550.0 	0.0005325224382955469 	9.370543120057541e-05 	0.000579501774084876 	0.0005325224382955469 	0.000579501774084876 	0.0005325224382955469 	0.0004919892026878012 	0.0005325224382955469 	0.0004919892026878012
1550.0 	1550.0 	0.0005151641841936645 	9.605419294436388e-05 	0.0005612189174928811 	0.0005151641841936645 	0.0005612189174928811 	0.0005151641841936645 	0.00047549119248135646 	0.0005151641841936645 	0.00047549119248135646
1580.0 	1580.0 	0.0005151641841936645 	9.605419294436388e-05 	0.0005612189174928811 	0.0005151641841936645 	0.0005612189174928811 	0.0005151641841936645 	0.00047549119248135646 	0.0005151641841936645 	0.00047549119248135646
1580.0 	1580.0 	0.0005066676743558144 	9.023650876928726e-05 	0.0005528054114286835 	0.0005066676743558144 	0.0005528054114286835 	0.0005066676743558144 	0.00046702024615462507 	0.0005066676743558144 	0.00046702024615462507
1610.0 	1610.0 	0.0005066676743558144 	9.023650876928726e-05 	0.0005528054114286835 	0.0005066676743558144 	0.0005528054114286835 	0.0005066676743558144 	0.00046702024615462507 	0.0005066676743558144 	0.00046702024615462507
1610.0 	1610.0 	0.0004925713128816662 	8.843707372495929e-05 	0.000538132988202443 	0.0004925713128816662 	0.000538132988202443 	0.0004925713128816662 	0.0004534940975524672 	0.0004925713128816662 	0.0004534940975524672
1640.0 	1640.0 	0.0004925713128816662 	8.843707372495929e-05 	0.000538132988202443 	0.0004925713128816662 	0.000538132988202443 	0.0004925713128816662 	0.0004534940975524672 	0.0004925713128816662 	0.0004534940975524672
1640.0 	1640.0 	0.0004776528632440518 	9.001260352228597e-05 	0.0005223124298144989 	0.0004776528632440518 	0.0005223124298144989 	0.0004776528632440518 	0.00043941157451997626 	0.0004776528632440518 	0.00043941157451997626
1670.0 	1670.0 	0.0004776528632440518 	9.001260352228597e-05 	0.0005223124298144989 	0.0004776528632440518 	0.0005223124298144989 	0.0004776528632440518 	0.00043941157451997626 	0.0004776528632440518 	0.00043941157451997626
1670.0 	1670.0 	0.00047026037535812 	8.380365210599095e-05 	0.0005149958533728174 	0.00047026037535812 	0.0005149958533728174 	0.00047026037535812 	0.0004320308811784085 	0.00047026037535812 	0.0004320308811784085
1700.0 	1700.0 	0.00047026037535812 	8.380365210599095e-05 	0.0005149958533728174 	0.00047026037535812 	0.0005149958533728174 	0.00047026037535812 	0.0004320308811784085 	0.00047026037535812 	0.0004320308811784085
1700.0 	1700.0 	0.00045176108934965415 	8.762426363682266e-05 	0.0004953118495280049 	0.00045176108934965415 	0.0004953118495280049 	0.00045176108934965415 	0.0004146095192324579 	0.00045176108934965415 	0.0004146095192324579
1730.0 	1730.0 	0.00045176108934965415 	8.762426363682266e-05 	0.0004953118495280049 	0.00045176108934965415 	0.0004953118495280049 	0.00045176108934965415 	0.0004146095192324579 	0.00045176108934965415 	0.0004146095192324579
1730.0 	1730.0 	0.00044052715539091955 	8.48263983844485e-05 	0.00048356323417573415 	0.00044052715539091955 	0.00048356323417573415 	0.00044052715539091955 	0.0004038762848709948 	0.00044052715539091955 	0.0004038762848709948
1760.0 	1760.0 	0.00044052715539091955 	8.48263983844485e-05 	0.00048356323417573415 	0.00044052715539091955 	0.00048356323417573415 	0.00044052715539091955 	0.0004038762848709948 	0.00044052715539091955 	0.0004038762848709948
1760.0 	1760.0 	0.00042799824220543975 	8.360628324788505e-05 	0.00047038340005682566 	0.00042799824220543975 	0.00047038340005682566 	0.00042799824220543975 	0.0003919637284731432 	0.00042799824220543975 	0.0003919637284731432
1790.0 	1790.0 	0.00042799824220543975 	8.360628324788505e-05 	0.00047038340005682566 	0.00042799824220543975 	0.00047038340005682566 	0.00042799824220543975 	0.0003919637284731432 	0.00042799824220543975 	0.0003919637284731432
1790.0 	1790.0 	0.0004181188113796618 	8.13106717984787e-05 	0.0004600954951614355 	0.0004181188113796618 	0.0004600954951614355 	0.0004181188113796618 	0.0003824952635456041 	0.0004181188113796618 	0.0003824952635456041
1820.0 	1820.0 	0.0004181188113796618 	8.13106717984787e-05 	0.0004600954951614355 	0.0004181188113796618 	0.0004600954951614355 	0.0004181188113796618 	0.0003824952635456041 	0.0004181188113796618 	0.0003824952635456041
1820.0 	1820.0 	0.0004064028300919232 	7.968111694259897e-05 	0.0004477987359917105 	0.0004064028300919232 	0.0004477987359917105 	0.0004064028300919232 	0.00037133847533779595 	0.0004064028300919232 	0.00037133847533779595
1850.0 	1850.0 	0.0004064028300919232 	7.968111694259897e-05 	0.0004477987359917105 	0.0004064028300919232 	0.0004477987359917105 	0.0004064028300919232 	0.00037133847533779595 	0.0004064028300919232 	0.00037133847533779595
1850.0 	1850.0 	0.0003978897136267702 	7.619333674474975e-05 	0.00043876227774723524 	0.0003978897136267702 	0.00043876227774723524 	0.0003978897136267702 	0.0003633022559965423 	0.0003978897136267702 	0.0003633022559965423
1880.0 	1880.0 	0.0003978897136267702 	7.619333674474975e-05 	0.00043876227774723524 	0.0003978897136267702 	0.00043876227774723524 	0.0003978897136267702 	0.0003633022559965423 	0.0003978897136267702 	0.0003633022559965423
1880.0 	1880.0 	0.0003810759907946283 	7.986768818292577e-05 	0.0004208258225773668 	0.0003810759907946283 	0.0004208258225773668 	0.0003810759907946283 	0.0003475099877013691 	0.0003810759907946283 	0.0003475099877013691
1910.0 	1910.0 	0.0003810759907946283 	7.986768818292577e-05 	0.0004208258225773668 	0.0003810759907946283 	0.0004208258225773668 	0.0003810759907946283 	0.0003475099877013691 	0.0003810759907946283 	0.0003475099877013691
1910.0 	1910.0 	0.0003755965721776664 	7.306778578363172e-05 	0.00041519938159240475 	0.0003755965721776664 	0.00041519938159240475 	0.0003755965721776664 	0.0003422007591924475 	0.0003755965721776664 	0.0003422007591924475
1940.0 	1940.0 	0.0003755965721776664 	7.306778578363172e-05 	0.00041519938159240475 	0.0003755965721776664 	0.00041519938159240475 	0.0003755965721776664 	0.0003422007591924475 	0.0003755965721776664 	0.0003422007591924475
1940.0 	1940.0 	0.0003605893275941244 	7.571692681002152e-05 	0.00039907654413089133 	0.0003605893275941244 	0.00039907654413089133 	0.0003605893275941244 	0.0003281855398334421 	0.0003605893275941244 	0.0003281855398334421
1970.0 	1970.0 	0.0003605893275941244 	7.571692681002152e-05 	0.00039907654413089133 	0.0003605893275941244 	0.00039907654413089133 	0.0003605893275941244 	0.0003281855398334421 	0.0003605893275941244 	0.0003281855398334421
1970.0 	1970.0 	0.00034917969287798944 	7.559281387616932e-05 	0.0003869890940016843 	0.00034917969287798944 	0.0003869890940016843 	0.00034917969287798944 	0.0003174021081913496 	0.00034917969287798944 	0.0003174021081913496
2000.0 	2000.0 	0.00034917969287798944 	7.559281387616932e-05 	0.0003869890940016843 	0.00034917969287798944 	0.0003869890940016843 	0.00034917969287798944 	0.0003174021081913496 	0.00034917969287798944 	0.0003174021081913496
2000.0 	2000.0 	0.00034263797104914633 	7.089752346877935e-05 	0.0003800553346983012 	0.00034263797104914633 	0.0003800553346983012 	0.00034263797104914633 	0.0003112291372637236 	0.00034263797104914633 	0.0003112291372637236
2030.0 	2030.0 	0.00034263797104914633 	7.089752346877935e-05 	0.0003800553346983012 	0.00034263797104914633 	0.0003800553346983012 	0.00034263797104914633 	0.0003112291372637236 	0.00034263797104914633 	0.0003112291372637236
2030.0 	2030.0 	0.00033176274008465284 	7.058082157970044e-05 	0.00036838522641831367 	0.00033176274008465284 	0.00036838522641831367 	0.00033176274008465284 	0.00030106488477724775 	0.00033176274008465284 	0.00030106488477724775
2060.0 	2060.0 	0.00033176274008465284 	7.058082157970044e-05 	0.00036838522641831367 	0.00033176274008465284 	0.00036838522641831367 	0.00033176274008465284 	0.00030106488477724775 	0.00033176274008465284 	0.00030106488477724775
2060.0 	2060.0 	0.00032435992744338053 	6.638032363556383e-05 	0.0003606097640353047 	0.00032435992744338053 	0.0003606097640353047 	0.00032435992744338053 	0.0002940178546944178 	0.00032435992744338053 	0.0002940178546944178
2090.0 	2090.0 	0.00032435992744338053 	6.638032363556383e-05 	0.0003606097640353047 	0.00032435992744338053 	0.0003606097640353047 	0.00032435992744338053 	0.0002940178546944178 	0.00032435992744338053 	0.0002940178546944178
2090.0 	2090.0 	0.0003164684003569575 	6.385811597835042e-05 	0.0003521815425508389 	0.0003164684003569575 	0.0003521815425508389 	0.0003164684003569575 	0.00028661227658805313 	0.0003164684003569575 	0.00028661227658805313
2120.0 	2120.0 	0.0003164684003569575 	6.385811597835042e-05 	0.0003521815425508389 	0.0003164684003569575 	0.0003521815425508389 	0.0003164684003569575 	0.00028661227658805313 	0.0003164684003569575 	0.00028661227658805313
2120.0 	2120.0 	0.0003063682648752431 	6.337954503391109e-05 	0.00034132779624284574 	0.0003063682648752431 	0.00034132779624284574 	0.0003063682648752431 	0.000277190224125915 	0.0003063682648752431 	0.000277190224125915
2150.0 	2150.0 	0.0003063682648752431 	6.337954503391109e-05 	0.00034132779624284574 	0.0003063682648752431 	0.00034132779624284574 	0.0003063682648752431 	0.000277190224125915 	0.0003063682648752431 	0.000277190224125915
2150.0 	2150.0 	0.00029450546171898 	6.440328451027072e-05 	0.0003285383974769673 	0.00029450546171898 	0.0003285383974769673 	0.00029450546171898 	0.00026614975644169534 	0.00029450546171898 	0.00026614975644169534
2180.0 	2180.0 	0.00029450546171898 	6.440328451027072e-05 	0.0003285383974769673 	0.00029450546171898 	0.0003285383974769673 	0.00029450546171898 	0.00026614975644169534 	0.00029450546171898 	0.00026614975644169534
2180.0 	2180.0 	0.0002859001648868819 	6.363419136058723e-05 	0.00031924173068026104 	0.0002859001648868819 	0.00031924173068026104 	0.0002859001648868819 	0.00025814652994267097 	0.0002859001648868819 	0.00025814652994267097
2210.0 	2210.0 	0.0002859001648868819 	6.363419136058723e-05 	0.00031924173068026104 	0.0002859001648868819 	0.00031924173068026104 	0.0002859001648868819 	0.00025814652994267097 	0.0002859001648868819 	0.00025814652994267097
2210.0 	2210.0 	0.0002801401634542992 	5.949688922608138e-05 	0.00031304197950889664 	0.0002801401634542992 	0.00031304197950889664 	0.0002801401634542992 	0.0002527788318438236 	0.0002801401634542992 	0.0002527788318438236
2240.0 	2240.0 	0.0002801401634542992 	5.949688922608138e-05 	0.00031304197950889664 	0.0002801401634542992 	0.00031304197950889664 	0.0002801401634542992 	0.0002527788318438236 	0.0002801401634542992 	0.0002527788318438236
2240.0 	2240.0 	0.00027003170146731853 	6.0026545771271354e-05 	0.0003021730168031845 	0.00027003170146731853 	0.0003021730168031845 	0.00027003170146731853 	0.00024335074523640197 	0.00027003170146731853 	0.00024335074523640197
2270.0 	2270.0 	0.00027003170146731853 	6.0026545771271354e-05 	0.0003021730168031845 	0.00027003170146731853 	0.0003021730168031845 	0.00027003170146731853 	0.00024335074523640197 	0.00027003170146731853 	0.00024335074523640197
2270.0 	2270.0 	0.0002628974365401385 	5.8290298812191624e-05 	0.0002945515786334031 	0.0002628974365401385 	0.0002945515786334031 	0.0002628974365401385 	0.00023665935616223245 	0.0002628974365401385 	0.00023665935616223245
2300.0 	2300.0 	0.0002628974365401385 	5.8290298812191624e-05 	0.0002945515786334031 	0.0002628974365401385 	0.0002945515786334031 	0.0002628974365401385 	0.00023665935616223245 	0.0002628974365401385 	0.00023665935616223245
2300.0 	2300.0 	0.0002552218143954576 	5.653054784968181e-05 	0.0002861750400082213 	0.0002552218143954576 	0.0002861750400082213 	0.0002552218143954576 	0.00022958952596645533 	0.0002552218143954576 	0.00022958952596645533
2330.0 	2330.0 	0.0002552218143954576 	5.653054784968181e-05 	0.0002861750400082213 	0.0002552218143954576 	0.0002861750400082213 	0.0002552218143954576 	0.00022958952596645533 	0.0002552218143954576 	0.00022958952596645533
2330.0 	2330.0 	0.0002480683114861931 	5.526881430332748e-05 	0.0002784180275649822 	0.0002480683114861931 	0.0002784180275649822 	0.0002480683114861931 	0.00022296323812267865 	0.0002480683114861931 	0.00022296323812267865
2360.0 	2360.0 	0.0002480683114861931 	5.526881430332748e-05 	0.0002784180275649822 	0.0002480683114861931 	0.0002784180275649822 	0.0002480683114861931 	0.00022296323812267865 	0.0002480683114861931 	0.00022296323812267865
2360.0 	2360.0 	0.00023949161131996713 	5.535344278545357e-05 	0.0002691324732567106 	0.00023949161131996713 	0.0002691324732567106 	0.00023949161131996713 	0.00021501239500164713 	0.00023949161131996713 	0.00021501239500164713
2390.0 	2390.0 	0.00023949161131996713 	5.535344278545357e-05 	0.0002691324732567106 	0.00023949161131996713 	0.0002691324732567106 	0.00023949161131996713 	0.00021501239500164713 	0.00023949161131996713 	0.00021501239500164713
2390.0 	2390.0 	0.00023236111138393972 	5.3761326176655105e-05 	0.0002614922823534083 	0.00023236111138393972 	0.0002614922823534083 	0.00023236111138393972 	0.00020835033532669452 	0.00023236111138393972 	0.00020835033532669452
2420.0 	2420.0 	0.00023236111138393972 	5.3761326176655105e-05 	0.0002614922823534083 	0.00023236111138393972 	0.0002614922823534083 	0.00023236111138393972 	0.00020835033532669452 	0.00023236111138393972 	0.00020835033532669452
2420.0 	2420.0 	0.00022762155876042832 	5.0594594445013155e-05 	0.00025641404139971406 	0.00022762155876042832 	0.00025641404139971406 	0.00022762155876042832 	0.00020391256335980368 	0.00022762155876042832 	0.00020391256335980368
2450.0 	2450.0 	0.00022762155876042832 	5.0594594445013155e-05 	0.00025641404139971406 	0.00022762155876042832 	0.00025641404139971406 	0.00022762155876042832 	0.00020391256335980368 	0.00022762155876042832 	0.00020391256335980368
2450.0 	2450.0 	0.00022032294062263171 	4.920252842906274e-05 	0.00024837763645661754 	0.00022032294062263171 	0.00024837763645661754 	0.00022032294062263171 	0.00019724619749653452 	0.00022032294062263171 	0.00019724619749653452
2480.0 	2480.0 	0.00022032294062263171 	4.920252842906274e-05 	0.00024837763645661754 	0.00022032294062263171 	0.00024837763645661754 	0.00022032294062263171 	0.00019724619749653452 	0.00022032294062263171 	0.00019724619749653452
2480.0 	2480.0 	0.00020969652947114568 	5.193004332284618e-05 	0.00023663209950807812 	0.00020969652947114568 	0.00023663209950807812 	0.00020969652947114568 	0.00018756682005463944 	0.00020969652947114568 	0.00018756682005463944
2510.0 	2510.0 	0.00020969652947114568 	5.193004332284618e-05 	0.00023663209950807812 	0.00020969652947114568 	0.00023663209950807812 	0.00020969652947114568 	0.00018756682005463944 	0.00020969652947114568 	0.00018756682005463944
2510.0 	2510.0 	0.00020267990766885277 	5.170101108467505e-05 	0.00022895035547908858 	0.00020267990766885277 	0.00022895035547908858 	0.00020267990766885277 	0.0001811236543116837 	0.00020267990766885277 	0.0001811236543116837
2540.0 	2540.0 	0.00020267990766885277 	5.170101108467505e-05 	0.00022895035547908858 	0.00020267990766885277 	0.00022895035547908858 	0.00020267990766885277 	0.0001811236543116837 	0.00020267990766885277 	0.0001811236543116837
2540.0 	2540.0 	0.00019745940716792642 	4.949824216330891e-05 	0.00022309246394587769 	0.00019745940716792642 	0.00022309246394587769 	0.00019745940716792642 	0.00017642644508036423 	0.00019745940716792642 	0.00017642644508036423
2570.0 	2570.0 	0.00019745940716792642 	4.949824216330891e-05 	0.00022309246394587769 	0.00019745940716792642 	0.00022309246394587769 	0.00019745940716792642 	0.00017642644508036423 	0.00019745940716792642 	0.00017642644508036423
2570.0 	2570.0 	0.00019494737224037625 	4.544873794553408e-05 	0.00022072979212541926 	0.00019494737224037625 	0.00022072979212541926 	0.00019494737224037625 	0.00017384826072215623 	0.00019494737224037625 	0.00017384826072215623
2600.0 	2600.0 	0.00019494737224037625 	4.544873794553408e-05 	0.00022072979212541926 	0.00019494737224037625 	0.00022072979212541926 	0.00019494737224037625 	0.00017384826072215623 	0.00019494737224037625 	0.00017384826072215623
2600.0 	2600.0 	0.00018795723950189346 	4.479245998087526e-05 	0.000213035951719039 	0.00018795723950189346 	0.000213035951719039 	0.00018795723950189346 	0.0001674614692226869 	0.00018795723950189346 	0.0001674614692226869
2630.0 	2630.0 	0.00018795723950189346 	4.479245998087526e-05 	0.000213035951719039 	0.00018795723950189346 	0.000213035951719039 	0.00018795723950189346 	0.0001674614692226869 	0.00018795723950189346 	0.0001674614692226869
2630.0 	2630.0 	0.00018068489258727083 	4.488857331234919e-05 	0.0002048714904913224 	0.00018068489258727083 	0.0002048714904913224 	0.00018068489258727083 	0.000160920693705879 	0.00018068489258727083 	0.000160920693705879
2660.0 	2660.0 	0.00018068489258727083 	4.488857331234919e-05 	0.0002048714904913224 	0.00018068489258727083 	0.0002048714904913224 	0.00018068489258727083 	0.000160920693705879 	0.00018068489258727083 	0.000160920693705879
2660.0 	2660.0 	0.00017878625156393055 	4.0148065943586064e-05 	0.00020302144841072837 	0.00017878625156393055 	0.00020302144841072837 	0.00017878625156393055 	0.00015902111783020715 	0.00017878625156393055 	0.00015902111783020715
2690.0 	2690.0 	0.00017878625156393055 	4.0148065943586064e-05 	0.00020302144841072837 	0.00017878625156393055 	0.00020302144841072837 	0.00017878625156393055 	0.00015902111783020715 	0.00017878625156393055 	0.00015902111783020715
2690.0 	2690.0 	0.00017076051764033413 	4.174625492216614e-05 	0.0001941441172501621 	0.00017076051764033413 	0.0001941441172501621 	0.00017076051764033413 	0.00015171267296574907 	0.00017076051764033413 	0.00015171267296574907
2720.0 	2720.0 	0.00017076051764033413 	4.174625492216614e-05 	0.0001941441172501621 	0.00017076051764033413 	0.0001941441172501621 	0.00017076051764033413 	0.00015171267296574907 	0.00017076051764033413 	0.00015171267296574907
2720.0 	2720.0 	0.00016409936281526737 	4.231348822185373e-05 	0.00018672307430595537 	0.00016409936281526737 	0.00018672307430595537 	0.00016409936281526737 	0.00014569188474864984 	0.00016409936281526737 	0.00014569188474864984
2750.0 	2750.0 	0.00016409936281526737 	4.231348822185373e-05 	0.00018672307430595537 	0.00016409936281526737 	0.00018672307430595537 	0.00016409936281526737 	0.00014569188474864984 	0.00016409936281526737 	0.00014569188474864984
2750.0 	2750.0 	0.00016181869995203529 	3.82908388186769e-05 	0.00018423711409193394 	0.00016181869995203529 	0.00018423711409193394 	0.00016181869995203529 	0.00014358795417996522 	0.00016181869995203529 	0.00014358795417996522
2780.0 	2780.0 	0.00016181869995203529 	3.82908388186769e-05 	0.00018423711409193394 	0.00016181869995203529 	0.00018423711409193394 	0.00016181869995203529 	0.00014358795417996522 	0.00016181869995203529 	0.00014358795417996522
2780.0 	2780.0 	0.00015419597357994408 	4.018818429007682e-05 	0.00017583284189980406 	0.00015419597357994408 	0.00017583284189980406 	0.00015419597357994408 	0.00013663554744653312 	0.00015419597357994408 	0.00013663554744653312
2810.0 	2810.0 	0.00015419597357994408 	4.018818429007682e-05 	0.00017583284189980406 	0.00015419597357994408 	0.00017583284189980406 	0.00015419597357994408 	0.00013663554744653312 	0.00015419597357994408 	0.00013663554744653312
2810.0 	2810.0 	0.00014445388175991642 	4.384882871039572e-05 	0.00016489718563630955 	0.00014445388175991642 	0.00016489718563630955 	0.00014445388175991642 	0.00012788311607464433 	0.00014445388175991642 	0.00012788311607464433
2840.0 	2840.0 	0.00014445388175991642 	4.384882871039572e-05 	0.00016489718563630955 	0.00014445388175991642 	0.00016489718563630955 	0.00014445388175991642 	0.00012788311607464433 	0.00014445388175991642 	0.00012788311607464433
2840.0 	2840.0 	0.00014675127087942081 	3.617761062296927e-05 	0.0001676443377477898 	0.00014675127087942081 	0.0001676443377477898 	0.00014675127087942081 	0.00012982919113082873 	0.00014675127087942081 	0.00012982919113082873
2870.0 	2870.0 	0.00014675127087942081 	3.617761062296927e-05 	0.0001676443377477898 	0.00014675127087942081 	0.0001676443377477898 	0.00014675127087942081 	0.00012982919113082873 	0.00014675127087942081 	0.00012982919113082873
2870.0 	2870.0 	0.00014230685789488117 	3.4886677464677304e-05 	0.00016280386738782914 	0.00014230685789488117 	0.00016280386738782914 	0.00014230685789488117 	0.0001257286918810597 	0.00014230685789488117 	0.0001257286918810597
2900.0 	2900.0 	0.00014230685789488117 	3.4886677464677304e-05 	0.00016280386738782914 	0.00014230685789488117 	0.00016280386738782914 	0.00014230685789488117 	0.0001257286918810597 	0.00014230685789488117 	0.0001257286918810597
2900.0 	2900.0 	0.0001341687750735851 	3.743194164633198e-05 	0.00015366751100918523 	0.0001341687750735851 	0.00015366751100918523 	0.0001341687750735851 	0.00011842303662248165 	0.0001341687750735851 	0.00011842303662248165
2930.0 	2930.0 	0.0001341687750735851 	3.743194164633198e-05 	0.00015366751100918523 	0.0001341687750735851 	0.00015366751100918523 	0.0001341687750735851 	0.00011842303662248165 	0.0001341687750735851 	0.00011842303662248165
2930.0 	2930.0 	0.00013146000661099655 	3.5094389844001556e-05 	0.000150612742260739 	0.00013146000661099655 	0.000150612742260739 	0.00013146000661099655 	0.00011599606792780716 	0.00013146000661099655 	0.00011599606792780716
2960.0 	2960.0 	0.00013146000661099655 	3.5094389844001556e-05 	0.000150612742260739 	0.00013146000661099655 	0.000150612742260739 	0.00013146000661099655 	0.00011599606792780716 	0.00013146000661099655 	0.00011599606792780716
2960.0 	2960.0 	0.00012604966200521414 	3.526955390337957e-05 	0.00014454540036999626 	0.00012604966200521414 	0.00014454540036999626 	0.00012604966200521414 	0.00011113294699949973 	0.00012604966200521414 	0.00011113294699949973
2990.0 	2990.0 	0.00012604966200521414 	3.526955390337957e-05 	0.00014454540036999626 	0.00012604966200521414 	0.00014454540036999626 	0.00012604966200521414 	0.00011113294699949973 	0.00012604966200521414 	0.00011113294699949973
2990.0 	2990.0 	0.00012629426774747536 	3.0265755184609534e-05 	0.00014502971968464583 	0.00012629426774747536 	0.00014502971968464583 	0.00012629426774747536 	0.00011120914841479715 	0.00012629426774747536 	0.00011120914841479715
3020.0 	3020.0 	0.00012629426774747536 	3.0265755184609534e-05 	0.00014502971968464583 	0.00012629426774747536 	0.00014502971968464583 	0.00012629426774747536 	0.00011120914841479715 	0.00012629426774747536 	0.00011120914841479715
3020.0 	3020.0 	0.000120450177986061 	3.1323022664117e-05 	0.00013847008616004838 	0.000120450177986061 	0.00013847008616004838 	0.000120450177986061 	0.00010595831283834533 	0.000120450177986061 	0.00010595831283834533
3050.0 	3050.0 	0.000120450177986061 	3.1323022664117e-05 	0.00013847008616004838 	0.000120450177986061 	0.00013847008616004838 	0.000120450177986061 	0.00010595831283834533 	0.000120450177986061 	0.00010595831283834533
3050.0 	3050.0 	0.00011386106481450078 	3.3370803459294404e-05 	0.00013091939176858238 	0.00011386106481450078 	0.00013091939176858238 	0.00011386106481450078 	0.00010014575801157736 	0.00011386106481450078 	0.00010014575801157736
3080.0 	3080.0 	0.00011386106481450078 	3.3370803459294404e-05 	0.00013091939176858238 	0.00011386106481450078 	0.00013091939176858238 	0.00011386106481450078 	0.00010014575801157736 	0.00011386106481450078 	0.00010014575801157736
3080.0 	3080.0 	0.00011083413625434818 	3.1712887347580956e-05 	0.0001276809592232808 	0.00011083413625434818 	0.0001276809592232808 	0.00011083413625434818 	9.731863455089023e-05 	0.00011083413625434818 	9.731863455089023e-05
3110.0 	3110.0 	0.00011083413625434818 	3.1712887347580956e-05 	0.0001276809592232808 	0.00011083413625434818 	0.0001276809592232808 	0.00011083413625434818 	9.731863455089023e-05 	0.00011083413625434818 	9.731863455089023e-05
3110.0 	3110.0 	0.00010613664733698447 	3.1436802214702804e-05 	0.000122321344097687 	0.00010613664733698447 	0.000122321344097687 	0.00010613664733698447 	9.316116623530566e-05 	0.00010613664733698447 	9.316116623530566e-05
3140.0 	3140.0 	0.00010613664733698447 	3.1436802214702804e-05 	0.000122321344097687 	0.00010613664733698447 	0.000122321344097687 	0.00010613664733698447 	9.316116623530566e-05 	0.00010613664733698447 	9.316116623530566e-05
3140.0 	3140.0 	0.00010548667139594638 	2.8386964558901493e-05 	0.00012166155505054665 	0.00010548667139594638 	0.00012166155505054665 	0.00010548667139594638 	9.252292025425773e-05 	0.00010548667139594638 	9.252292025425773e-05
3170.0 	3170.0 	0.00010548667139594638 	2.8386964558901493e-05 	0.00012166155505054665 	0.00010548667139594638 	0.00012166155505054665 	0.00010548667139594638 	9.252292025425773e-05 	0.00010548667139594638 	9.252292025425773e-05
3170.0 	3170.0 	9.893208158008548e-05 	3.071831092288737e-05 	0.00011423680487628007 	9.893208158008548e-05 	0.00011423680487628007 	9.893208158008548e-05 	8.668255829716805e-05 	9.893208158008548e-05 	8.668255829716805e-05
3200.0 	3200.0 	9.893208158008548e-05 	3.071831092288737e-05 	0.00011423680487628007 	9.893208158008548e-05 	0.00011423680487628007 	9.893208158008548e-05 	8.668255829716805e-05 	9.893208158008548e-05 	8.668255829716805e-05
3200.0 	3200.0 	9.818742626291002e-05 	2.742721306247501e-05 	0.00011351968911417837 	9.818742626291002e-05 	0.00011351968911417837 	9.818742626291002e-05 	8.593311161402245e-05 	9.818742626291002e-05 	8.593311161402245e-05
3230.0 	3230.0 	9.818742626291002e-05 	2.742721306247501e-05 	0.00011351968911417837 	9.818742626291002e-05 	0.00011351968911417837 	9.818742626291002e-05 	8.593311161402245e-05 	9.818742626291002e-05 	8.593311161402245e-05
3230.0 	3230.0 	9.844897307281815e-05 	2.3492750759358122e-05 	0.00011394750914896532 	9.844897307281815e-05 	0.00011394750914896532 	9.844897307281815e-05 	8.607684956724005e-05 	9.844897307281815e-05 	8.607684956724005e-05
3260.0 	3260.0 	9.844897307281815e-05 	2.3492750759358122e-05 	0.00011394750914896532 	9.844897307281815e-05 	0.00011394750914896532 	9.844897307281815e-05 	8.607684956724005e-05 	9.844897307281815e-05 	8.607684956724005e-05
3260.0 	3260.0 	9.320009960796925e-05 	2.4535369179696086e-05 	0.00010787714240017085 	9.320009960796925e-05 	0.00010787714240017085 	9.320009960796925e-05 	8.148320826133327e-05 	9.320009960796925e-05 	8.148320826133327e-05
3290.0 	3290.0 	9.320009960796925e-05 	2.4535369179696086e-05 	0.00010787714240017085 	9.320009960796925e-05 	0.00010787714240017085 	9.320009960796925e-05 	8.148320826133327e-05 	9.320009960796925e-05 	8.148320826133327e-05
3290.0 	3290.0 	8.963848783710154e-05 	2.4094137675946412e-05 	0.00010395967400813159 	8.963848783710154e-05 	0.00010395967400813159 	8.963848783710154e-05 	7.823049899811449e-05 	8.963848783710154e-05 	7.823049899811449e-05
3320.0 	3320.0 	8.963848783710154e-05 	2.4094137675946412e-05 	0.00010395967400813159 	8.963848783710154e-05 	0.00010395967400813159 	8.963848783710154e-05 	7.823049899811449e-05 	8.963848783710154e-05 	7.823049899811449e-05
3320.0 	3320.0 	8.615245470202051e-05 	2.400478625133859e-05 	0.00010003715257377508 	8.615245470202051e-05 	0.00010003715257377508 	8.615245470202051e-05 	7.511022496882841e-05 	8.615245470202051e-05 	7.511022496882841e-05
3350.0 	3350.0 	8.615245470202051e-05 	2.400478625133859e-05 	0.00010003715257377508 	8.615245470202051e-05 	0.00010003715257377508 	8.615245470202051e-05 	7.511022496882841e-05 	8.615245470202051e-05 	7.511022496882841e-05
3350.0 	3350.0 	8.277463043630437e-05 	2.4169243253619442e-05 	9.616926241924572e-05 	8.277463043630437e-05 	9.616926241924572e-05 	8.277463043630437e-05 	7.21257778076084e-05 	8.277463043630437e-05 	7.21257778076084e-05
3380.0 	3380.0 	8.277463043630437e-05 	2.4169243253619442e-05 	9.616926241924572e-05 	8.277463043630437e-05 	9.616926241924572e-05 	8.277463043630437e-05 	7.21257778076084e-05 	8.277463043630437e-05 	7.21257778076084e-05
3380.0 	3380.0 	7.827403363092037e-05 	2.514710188508474e-05 	9.099173249307322e-05 	7.827403363092037e-05 	9.099173249307322e-05 	7.827403363092037e-05 	6.816942864556417e-05 	7.827403363092037e-05 	6.816942864556417e-05
3410.0 	3410.0 	7.827403363092037e-05 	2.514710188508474e-05 	9.099173249307322e-05 	7.827403363092037e-05 	9.099173249307322e-05 	7.827403363092037e-05 	6.816942864556417e-05 	7.827403363092037e-05 	6.816942864556417e-05
3410.0 	3410.0 	7.997878925453387e-05 	2.0240199237293384e-05 	9.311214979107181e-05 	7.997878925453387e-05 	9.311214979107181e-05 	7.997878925453387e-05 	6.956043743022531e-05 	7.997878925453387e-05 	6.956043743022531e-05
3440.0 	3440.0 	7.997878925453387e-05 	2.0240199237293384e-05 	9.311214979107181e-05 	7.997878925453387e-05 	9.311214979107181e-05 	7.997878925453387e-05 	6.956043743022531e-05 	7.997878925453387e-05 	6.956043743022531e-05
3440.0 	3440.0 	7.745303598105346e-05 	1.9418186789839692e-05 	9.021312824637767e-05 	7.745303598105346e-05 	9.021312824637767e-05 	7.745303598105346e-05 	6.733567572075479e-05 	7.745303598105346e-05 	6.733567572075479e-05
3470.0 	3470.0 	7.745303598105346e-05 	1.9418186789839692e-05 	9.021312824637767e-05 	7.745303598105346e-05 	9.021312824637767e-05 	7.745303598105346e-05 	6.733567572075479e-05 	7.745303598105346e-05 	6.733567572075479e-05
3470.0 	3470.0 	7.09122892876069e-05 	2.2877324322532915e-05 	8.265340047956582e-05 	7.09122892876069e-05 	8.265340047956582e-05 	7.09122892876069e-05 	6.161063937042187e-05 	7.09122892876069e-05 	6.161063937042187e-05
3500.0 	3500.0 	7.09122892876069e-05 	2.2877324322532915e-05 	8.265340047956582e-05 	7.09122892876069e-05 	8.265340047956582e-05 	7.09122892876069e-05 	6.161063937042187e-05 	7.09122892876069e-05 	6.161063937042187e-05
3500.0 	3500.0 	7.052189151707477e-05 	2.0120235597317748e-05 	8.23569900105105e-05 	7.052189151707477e-05 	8.23569900105105e-05 	7.052189151707477e-05 	6.116562313124632e-05 	7.052189151707477e-05 	6.116562313124632e-05
3530.0 	3530.0 	7.052189151707477e-05 	2.0120235597317748e-05 	8.23569900105105e-05 	7.052189151707477e-05 	8.23569900105105e-05 	7.052189151707477e-05 	6.116562313124632e-05 	7.052189151707477e-05 	6.116562313124632e-05
3530.0 	3530.0 	6.681787254646356e-05 	2.0850591869802608e-05 	7.808602585820777e-05 	6.681787254646356e-05 	7.808602585820777e-05 	6.681787254646356e-05 	5.791873138987729e-05 	6.681787254646356e-05 	5.791873138987729e-05
3560.0 	3560.0 	6.681787254646356e-05 	2.0850591869802608e-05 	7.808602585820777e-05 	6.681787254646356e-05 	7.808602585820777e-05 	6.681787254646356e-05 	5.791873138987729e-05 	6.681787254646356e-05 	5.791873138987729e-05
3560.0 	3560.0 	6.4083392966814e-05 	2.0845310017885662e-05 	7.493369970604337e-05 	6.4083392966814e-05 	7.493369970604337e-05 	6.4083392966814e-05 	5.552024625852915e-05 	6.4083392966814e-05 	5.552024625852915e-05
3590.0 	3590.0 	6.4083392966814e-05 	2.0845310017885662e-05 	7.493369970604337e-05 	6.4083392966814e-05 	7.493369970604337e-05 	6.4083392966814e-05 	5.552024625852915e-05 	6.4083392966814e-05 	5.552024625852915e-05
3590.0 	3590.0 	6.465406726549601e-05 	1.7404648419125516e-05 	7.568974525474396e-05 	6.465406726549601e-05 	7.568974525474396e-05 	6.465406726549601e-05 	5.5952956590198474e-05 	6.465406726549601e-05 	5.5952956590198474e-05
3620.0 	3620.0 	6.465406726549601e-05 	1.7404648419125516e-05 	7.568974525474396e-05 	6.465406726549601e-05 	7.568974525474396e-05 	6.465406726549601e-05 	5.5952956590198474e-05 	6.465406726549601e-05 	5.5952956590198474e-05
3620.0 	3620.0 	6.0032371469591887e-05 	1.9477441852255606e-05 	7.039217449545456e-05 	6.0032371469591887e-05 	7.039217449545456e-05 	6.0032371469591887e-05 	5.1880255607743574e-05 	6.0032371469591887e-05 	5.1880255607743574e-05
3650.0 	3650.0 	6.0032371469591887e-05 	1.9477441852255606e-05 	7.039217449545456e-05 	6.0032371469591887e-05 	7.039217449545456e-05 	6.0032371469591887e-05 	5.1880255607743574e-05 	6.0032371469591887e-05 	5.1880255607743574e-05
3650.0 	3650.0 	5.917886591712814e-05 	1.7833741708520862e-05 	6.943077457049966e-05 	5.917886591712814e-05 	6.943077457049966e-05 	5.917886591712814e-05 	5.111682771458945e-05 	5.917886591712814e-05 	5.111682771458945e-05
3680.0 	3680.0 	5.917886591712814e-05 	1.7833741708520862e-05 	6.943077457049966e-05 	5.917886591712814e-05 	6.943077457049966e-05 	5.917886591712814e-05 	5.111682771458945e-05 	5.917886591712814e-05 	5.111682771458945e-05
3680.0 	3680.0 	5.751391470869397e-05 	1.6367567129142108e-05 	6.75270357760737e-05 	5.751391470869397e-05 	6.75270357760737e-05 	5.751391470869397e-05 	4.964266352104885e-05 	5.751391470869397e-05 	4.964266352104885e-05
3710.0 	3710.0 	5.751391470869397e-05 	1.6367567129142108e-05 	6.75270357760737e-05 	5.751391470869397e-05 	6.75270357760737e-05 	5.751391470869397e-05 	4.964266352104885e-05 	5.751391470869397e-05 	4.964266352104885e-05
3710.0 	3710.0 	5.793661458219824e-05 	1.3895508759417322e-05 	6.812387042039346e-05 	5.793661458219824e-05 	6.812387042039346e-05 	5.793661458219824e-05 	4.994318715480373e-05 	5.793661458219824e-05 	4.994318715480373e-05
3740.0 	3740.0 	5.793661458219824e-05 	1.3895508759417322e-05 	6.812387042039346e-05 	5.793661458219824e-05 	6.812387042039346e-05 	5.793661458219824e-05 	4.994318715480373e-05 	5.793661458219824e-05 	4.994318715480373e-05
3740.0 	3740.0 	5.4738819704175966e-05 	1.4641369371146322e-05 	6.439048111568885e-05 	5.4738819704175966e-05 	6.439048111568885e-05 	5.4738819704175966e-05 	4.716680211421747e-05 	5.4738819704175966e-05 	4.716680211421747e-05
3770.0 	3770.0 	5.4738819704175966e-05 	1.4641369371146322e-05 	6.439048111568885e-05 	5.4738819704175966e-05 	6.439048111568885e-05 	5.4738819704175966e-05 	4.716680211421747e-05 	5.4738819704175966e-05 	4.716680211421747e-05
3770.0 	3770.0 	5.076685256892853e-05 	1.620797730999671e-05 	5.9723834609430094e-05 	5.076685256892853e-05 	5.9723834609430094e-05 	5.076685256892853e-05 	4.3741205940235026e-05 	5.076685256892853e-05 	4.3741205940235026e-05
3800.0 	3800.0 	5.076685256892853e-05 	1.620797730999671e-05 	5.9723834609430094e-05 	5.076685256892853e-05 	5.9723834609430094e-05 	5.076685256892853e-05 	4.3741205940235026e-05 	5.076685256892853e-05 	4.3741205940235026e-05
3800.0 	3800.0 	5.222025040363001e-05 	1.249699106845562e-05 	6.154731039264613e-05 	5.222025040363001e-05 	6.154731039264613e-05 	5.222025040363001e-05 	4.4919208563318533e-05 	5.222025040363001e-05 	4.4919208563318533e-05
3830.0 	3830.0 	5.222025040363001e-05 	1.249699106845562e-05 	6.154731039264613e-05 	5.222025040363001e-05 	6.154731039264613e-05 	5.222025040363001e-05 	4.4919208563318533e-05 	5.222025040363001e-05 	4.4919208563318533e-05
3830.0 	3830.0 	4.6373132523405794e-05 	1.651084470917767e-05 	5.469110404172857e-05 	4.6373132523405794e-05 	5.469110404172857e-05 	4.6373132523405794e-05 	3.9868829803631636e-05 	4.6373132523405794e-05 	3.9868829803631636e-05
3860.0 	3860.0 	4.6373132523405794e-05 	1.651084470917767e-05 	5.469110404172857e-05 	4.6373132523405794e-05 	5.469110404172857e-05 	4.6373132523405794e-05 	3.9868829803631636e-05 	4.6373132523405794e-05 	3.9868829803631636e-05
3860.0 	3860.0 	4.644407078211009e-05 	1.4285550638420605e-05 	5.482490204408602e-05 	4.644407078211009e-05 	5.482490204408602e-05 	4.644407078211009e-05 	3.9896825234533525e-05 	4.644407078211009e-05 	3.9896825234533525e-05
3890.0 	3890.0 	4.644407078211009e-05 	1.4285550638420605e-05 	5.482490204408602e-05 	4.644407078211009e-05 	5.482490204408602e-05 	4.644407078211009e-05 	3.9896825234533525e-05 	4.644407078211009e-05 	3.9896825234533525e-05
3890.0 	3890.0 	4.722558395829767e-05 	1.1100938372318338e-05 	5.57922991568533e-05 	4.722558395829767e-05 	5.57922991568533e-05 	4.722558395829767e-05 	4.053306498122354e-05 	4.722558395829767e-05 	4.053306498122354e-05
3920.0 	3920.0 	4.722558395829767e-05 	1.1100938372318338e-05 	5.57922991568533e-05 	4.722558395829767e-05 	5.57922991568533e-05 	4.722558395829767e-05 	4.053306498122354e-05 	4.722558395829767e-05 	4.053306498122354e-05
3920.0 	3920.0 	4.283622735414164e-05 	1.3852377173773632e-05 	5.068587520370314e-05 	4.283622735414164e-05 	5.068587520370314e-05 	4.283622735414164e-05 	3.671742647864097e-05 	4.283622735414164e-05 	3.671742647864097e-05
3950.0 	3950.0 	4.283622735414164e-05 	1.3852377173773632e-05 	5.068587520370314e-05 	4.283622735414164e-05 	5.068587520370314e-05 	4.283622735414164e-05 	3.671742647864097e-05 	4.283622735414164e-05 	3.671742647864097e-05
3950.0 	3950.0 	4.096193014556538e-05 	1.3712773700654932e-05 	4.8497594595576057e-05 	4.096193014556538e-05 	4.8497594595576057e-05 	4.096193014556538e-05 	3.509140694373494e-05 	4.096193014556538e-05 	3.509140694373494e-05
3980.0 	3980.0 	4.096193014556538e-05 	1.3712773700654932e-05 	4.8497594595576057e-05 	4.096193014556538e-05 	4.8497594595576057e-05 	4.096193014556538e-05 	3.509140694373494e-05 	4.096193014556538e-05 	3.509140694373494e-05
3980.0 	3980.0 	4.054542296273537e-05 	1.2087100253154605e-05 	4.809282428448396e-05 	4.054542296273537e-05 	4.809282428448396e-05 	4.054542296273537e-05 	3.467775791229131e-05 	4.054542296273537e-05 	3.467775791229131e-05
4010.0 	4010.0 	4.054542296273537e-05 	1.2087100253154605e-05 	4.809282428448396e-05 	4.054542296273537e-05 	4.809282428448396e-05 	4.054542296273537e-05 	3.467775791229131e-05 	4.054542296273537e-05 	3.467775791229131e-05
4010.0 	4010.0 	3.784007890942297e-05 	1.3090132115387466e-05 	4.4894293487920104e-05 	3.784007890942297e-05 	4.4894293487920104e-05 	3.784007890942297e-05 	3.235745854143577e-05 	3.784007890942297e-05 	3.235745854143577e-05
4040.0 	4040.0 	3.784007890942297e-05 	1.3090132115387466e-05 	4.4894293487920104e-05 	3.784007890942297e-05 	4.4894293487920104e-05 	3.784007890942297e-05 	3.235745854143577e-05 	3.784007890942297e-05 	3.235745854143577e-05
4040.0 	4040.0 	3.6850597821100425e-05 	1.2467970392389512e-05 	4.378954230888004e-05 	3.6850597821100425e-05 	4.378954230888004e-05 	3.6850597821100425e-05 	3.146710235580897e-05 	3.6850597821100425e-05 	3.146710235580897e-05
4070.0 	4070.0 	3.6850597821100425e-05 	1.2467970392389512e-05 	4.378954230888004e-05 	3.6850597821100425e-05 	4.378954230888004e-05 	3.6850597821100425e-05 	3.146710235580897e-05 	3.6850597821100425e-05 	3.146710235580897e-05
4070.0 	4070.0 	3.63308269700759e-05 	1.102558511593624e-05 	4.3206862717891543e-05 	3.63308269700759e-05 	4.3206862717891543e-05 	3.63308269700759e-05 	3.100022602248916e-05 	3.63308269700759e-05 	3.100022602248916e-05
4100.0 	4100.0 	3.63308269700759e-05 	1.102558511593624e-05 	4.3206862717891543e-05 	3.63308269700759e-05 	4.3206862717891543e-05 	3.63308269700759e-05 	3.100022602248916e-05 	3.63308269700759e-05 	3.100022602248916e-05
4115.0 	4115.0 	0.0008972673880428529 	0.00030138306586700213 	0.0010911333675626392 	0.0008972673880428529 	0.0010911333675626392 	0.0008972673880428529 	0.0007506702136342533 	0.0008972673880428529 	0.0007506702136342533
