# format: (nos = 7, nop = 0, pdf = NNPDF31_nlo_as_0118_luxqed)
# column 1: MIDPOINT of the bin
# column 2: CENTRAL value of the bin
# column 3: MC error
# column 4: SCALE min value
# column 5: SCALE max value
# column 6: PDF symmetric error
# column 7: PDF asymmetric error min
# column 8: PDF asymmetric error max
520.000000	1.77793915547481968e-04	4.54722534956311082e-08	1.72023566225607406e-04	1.83253361369450506e-04	0.00000000000000000e+00	0.00000000000000000e+00	0.00000000000000000e+00
560.000000	1.84116087911693669e-04	4.74692278181133525e-08	1.77533413416141906e-04	1.90535783372727856e-04	0.00000000000000000e+00	0.00000000000000000e+00	0.00000000000000000e+00
600.000000	1.88466386853807812e-04	4.93149903511833063e-08	1.81147808780182575e-04	1.95772687371626288e-04	0.00000000000000000e+00	0.00000000000000000e+00	0.00000000000000000e+00
640.000000	1.90523663188535750e-04	5.06104002986969339e-08	1.82574648588446179e-04	1.98609455985702331e-04	0.00000000000000000e+00	0.00000000000000000e+00	0.00000000000000000e+00
680.000000	1.91179880631687479e-04	5.17354395397774737e-08	1.82678364919438039e-04	1.99963132695478842e-04	0.00000000000000000e+00	0.00000000000000000e+00	0.00000000000000000e+00
720.000000	1.90680681219628000e-04	5.26156926707741463e-08	1.81705289775065023e-04	2.00075804512771151e-04	0.00000000000000000e+00	0.00000000000000000e+00	0.00000000000000000e+00
760.000000	1.88804736787015584e-04	5.31396808601031970e-08	1.79449945373552373e-04	1.98708143589567505e-04	0.00000000000000000e+00	0.00000000000000000e+00	0.00000000000000000e+00
800.000000	1.86346495484538999e-04	5.35625679081851846e-08	1.76672974959905539e-04	1.96688474854017962e-04	0.00000000000000000e+00	0.00000000000000000e+00	0.00000000000000000e+00
840.000000	1.83063006289544750e-04	5.37191473297656924e-08	1.73141472942351000e-04	1.93763547847226224e-04	0.00000000000000000e+00	0.00000000000000000e+00	0.00000000000000000e+00
880.000000	1.79365646570725604e-04	5.37890938575739738e-08	1.69252633495579289e-04	1.90358124950137567e-04	0.00000000000000000e+00	0.00000000000000000e+00	0.00000000000000000e+00
920.000000	1.75051755398532397e-04	5.35905340880451874e-08	1.64811841403191076e-04	1.86261103948523547e-04	0.00000000000000000e+00	0.00000000000000000e+00	0.00000000000000000e+00
960.000000	1.70667321715222385e-04	5.34266686693090560e-08	1.60338824470114571e-04	1.82046146079649921e-04	0.00000000000000000e+00	0.00000000000000000e+00	0.00000000000000000e+00
1000.000000	1.66006131248308834e-04	5.30512125551007502e-08	1.55633038980613678e-04	1.77501345577500772e-04	0.00000000000000000e+00	0.00000000000000000e+00	0.00000000000000000e+00
1040.000000	1.61069707592066008e-04	5.26797873651863182e-08	1.50695436016395250e-04	1.72629368554192688e-04	0.00000000000000000e+00	0.00000000000000000e+00	0.00000000000000000e+00
1080.000000	1.56148527295264713e-04	5.20719443644966539e-08	1.45802574960357317e-04	1.67734898635828785e-04	0.00000000000000000e+00	0.00000000000000000e+00	0.00000000000000000e+00
1120.000000	1.51306539813923140e-04	5.16415918631751441e-08	1.41008550882280685e-04	1.62893539957203570e-04	0.00000000000000000e+00	0.00000000000000000e+00	0.00000000000000000e+00
1160.000000	1.46185697341106447e-04	5.08954704017205997e-08	1.35977899154084185e-04	1.57722296316326136e-04	0.00000000000000000e+00	0.00000000000000000e+00	0.00000000000000000e+00
1200.000000	1.41196037836113645e-04	5.01506317317939841e-08	1.31091889699263870e-04	1.52663728252586041e-04	0.00000000000000000e+00	0.00000000000000000e+00	0.00000000000000000e+00
1240.000000	1.36233118065769463e-04	4.94490709465431761e-08	1.26255136078524808e-04	1.47602305617270519e-04	0.00000000000000000e+00	0.00000000000000000e+00	0.00000000000000000e+00
1280.000000	1.31263237240833268e-04	4.86085913702920010e-08	1.21433100393585712e-04	1.42506015928473554e-04	0.00000000000000000e+00	0.00000000000000000e+00	0.00000000000000000e+00
1320.000000	1.26515990617324557e-04	4.77728233048042835e-08	1.16838978213665379e-04	1.37622961898302252e-04	0.00000000000000000e+00	0.00000000000000000e+00	0.00000000000000000e+00
1360.000000	1.21707503730239275e-04	4.67973646387979264e-08	1.12204618356622401e-04	1.32652008691298010e-04	0.00000000000000000e+00	0.00000000000000000e+00	0.00000000000000000e+00
1400.000000	1.17269554842116823e-04	4.60950653789368130e-08	1.07932876340347358e-04	1.28057263674189251e-04	0.00000000000000000e+00	0.00000000000000000e+00	0.00000000000000000e+00
1440.000000	1.12799852596636197e-04	4.51924875092626099e-08	1.03648090527116315e-04	1.23406909237543984e-04	0.00000000000000000e+00	0.00000000000000000e+00	0.00000000000000000e+00
1480.000000	1.08514587587733825e-04	4.43779739209290446e-08	9.95475761654178264e-05	1.18938951654173249e-04	0.00000000000000000e+00	0.00000000000000000e+00	0.00000000000000000e+00
1520.000000	1.04218548313322329e-04	4.33457831370991350e-08	9.54533117367594217e-05	1.14437734296168536e-04	0.00000000000000000e+00	0.00000000000000000e+00	0.00000000000000000e+00
1560.000000	1.00045797368453554e-04	4.24005347296765198e-08	9.14852791855974877e-05	1.10054466675900425e-04	0.00000000000000000e+00	0.00000000000000000e+00	0.00000000000000000e+00
1600.000000	9.61975195793260841e-05	4.16268303383047919e-08	8.78285541397766812e-05	1.06008794262705768e-04	0.00000000000000000e+00	0.00000000000000000e+00	0.00000000000000000e+00
1640.000000	9.22003158510309223e-05	4.06068979845817056e-08	8.40488075228520862e-05	1.01781853692638790e-04	0.00000000000000000e+00	0.00000000000000000e+00	0.00000000000000000e+00
1680.000000	8.86361279954294372e-05	3.96948894045349286e-08	8.06766389712718876e-05	9.80156672526347666e-05	0.00000000000000000e+00	0.00000000000000000e+00	0.00000000000000000e+00
1720.000000	8.49951164660304185e-05	3.87129745297936932e-08	7.72466419918725307e-05	9.41484915726004492e-05	0.00000000000000000e+00	0.00000000000000000e+00	0.00000000000000000e+00
1760.000000	8.15237964366308503e-05	3.78589171583574534e-08	7.39802621539783416e-05	9.04566970239374315e-05	0.00000000000000000e+00	0.00000000000000000e+00	0.00000000000000000e+00
1800.000000	7.80985280526173896e-05	3.68327061392116006e-08	7.07673215141104285e-05	8.68004401144395173e-05	0.00000000000000000e+00	0.00000000000000000e+00	0.00000000000000000e+00
1840.000000	7.49728233942196278e-05	3.60168676184696874e-08	6.78377734835614287e-05	8.34608546204730807e-05	0.00000000000000000e+00	0.00000000000000000e+00	0.00000000000000000e+00
1880.000000	7.18139871836067360e-05	3.49967458921269436e-08	6.48854178698655271e-05	8.00749032109891067e-05	0.00000000000000000e+00	0.00000000000000000e+00	0.00000000000000000e+00
1920.000000	6.88922893112077392e-05	3.42632192089968242e-08	6.21551861957796641e-05	7.69427445263142266e-05	0.00000000000000000e+00	0.00000000000000000e+00	0.00000000000000000e+00
1960.000000	6.60040989322104195e-05	3.33453915264741827e-08	5.94659878421708365e-05	7.38332551951866473e-05	0.00000000000000000e+00	0.00000000000000000e+00	0.00000000000000000e+00
2000.000000	6.31824847658635653e-05	3.24069905238845082e-08	5.68433493642667010e-05	7.07894375412239580e-05	0.00000000000000000e+00	0.00000000000000000e+00	0.00000000000000000e+00
2040.000000	6.05198072064993026e-05	3.16206065369331356e-08	5.43724000495759792e-05	6.79117012067330801e-05	0.00000000000000000e+00	0.00000000000000000e+00	0.00000000000000000e+00
2080.000000	5.80057571397320524e-05	3.07104518383812103e-08	5.20400625590873895e-05	6.51940114006913985e-05	0.00000000000000000e+00	0.00000000000000000e+00	0.00000000000000000e+00
2120.000000	5.54948327925360979e-05	3.01619742669672229e-08	4.97194597363535154e-05	6.24674861685587226e-05	0.00000000000000000e+00	0.00000000000000000e+00	0.00000000000000000e+00
2160.000000	5.30990856815241190e-05	2.89782591820321545e-08	4.75079373120004331e-05	5.98625010431099664e-05	0.00000000000000000e+00	0.00000000000000000e+00	0.00000000000000000e+00
2200.000000	5.07720332359739581e-05	2.81787944465132735e-08	4.53644276537832573e-05	5.73260037970599087e-05	0.00000000000000000e+00	0.00000000000000000e+00	0.00000000000000000e+00
2240.000000	4.86368084739841774e-05	2.74428222243495528e-08	4.33990247664960870e-05	5.49967333122194734e-05	0.00000000000000000e+00	0.00000000000000000e+00	0.00000000000000000e+00
2280.000000	4.65793969601599901e-05	2.66494566414995546e-08	4.15071700924685532e-05	5.27498406096622133e-05	0.00000000000000000e+00	0.00000000000000000e+00	0.00000000000000000e+00
2320.000000	4.45370413721953262e-05	2.57677113754176846e-08	3.96343711229324075e-05	5.05122136860405827e-05	0.00000000000000000e+00	0.00000000000000000e+00	0.00000000000000000e+00
2360.000000	4.25966463829716870e-05	2.50604149855245186e-08	3.78575115022642168e-05	4.83830099197878110e-05	0.00000000000000000e+00	0.00000000000000000e+00	0.00000000000000000e+00
2400.000000	4.07348735340674274e-05	2.43233695332517598e-08	3.61553448875322653e-05	4.63363370577095406e-05	0.00000000000000000e+00	0.00000000000000000e+00	0.00000000000000000e+00
2440.000000	3.89529462510312347e-05	2.35752107356415850e-08	3.45289006105504835e-05	4.43736868179661173e-05	0.00000000000000000e+00	0.00000000000000000e+00	0.00000000000000000e+00
2480.000000	3.72379347281454469e-05	2.29006466600819768e-08	3.29653542377986744e-05	4.24822992332594723e-05	0.00000000000000000e+00	0.00000000000000000e+00	0.00000000000000000e+00
2520.000000	3.55313452683633340e-05	2.20677570615675441e-08	3.14146420747029635e-05	4.05929092784847347e-05	0.00000000000000000e+00	0.00000000000000000e+00	0.00000000000000000e+00
2560.000000	3.39981035185995783e-05	2.14604763027801205e-08	3.00198159291591793e-05	3.88979303264027514e-05	0.00000000000000000e+00	0.00000000000000000e+00	0.00000000000000000e+00
2600.000000	3.24620014063447759e-05	2.08056751753093868e-08	2.86272161240926609e-05	3.71929717829522504e-05	0.00000000000000000e+00	0.00000000000000000e+00	0.00000000000000000e+00
2640.000000	3.10351123858535635e-05	2.01549021883046648e-08	2.73338833327565946e-05	3.56089837695250188e-05	0.00000000000000000e+00	0.00000000000000000e+00	0.00000000000000000e+00
2680.000000	2.96526332115313691e-05	1.95032451050998031e-08	2.60832196935995525e-05	3.40708862755618620e-05	0.00000000000000000e+00	0.00000000000000000e+00	0.00000000000000000e+00
2720.000000	2.83132040488171747e-05	1.88535546019775224e-08	2.48739768074344894e-05	3.25771331088696060e-05	0.00000000000000000e+00	0.00000000000000000e+00	0.00000000000000000e+00
2760.000000	2.70400197699066034e-05	1.82460733209085735e-08	2.37253372547585209e-05	3.11562722531118645e-05	0.00000000000000000e+00	0.00000000000000000e+00	0.00000000000000000e+00
2800.000000	2.58094767574787001e-05	1.76226966549942073e-08	2.26173567508739734e-05	2.97798825759727310e-05	0.00000000000000000e+00	0.00000000000000000e+00	0.00000000000000000e+00
2840.000000	2.46357305398804783e-05	1.71095424184101275e-08	2.15619923662615011e-05	2.84649762107436611e-05	0.00000000000000000e+00	0.00000000000000000e+00	0.00000000000000000e+00
2880.000000	2.35509096431943666e-05	1.65007592331752127e-08	2.05867273863474629e-05	2.72495491050354580e-05	0.00000000000000000e+00	0.00000000000000000e+00	0.00000000000000000e+00
2920.000000	2.24737566399563102e-05	1.59905421179014709e-08	1.96207893030058607e-05	2.60392044221604897e-05	0.00000000000000000e+00	0.00000000000000000e+00	0.00000000000000000e+00
2960.000000	2.14668637333152181e-05	1.54863369588988069e-08	1.87194261765846822e-05	2.49054973820525803e-05	0.00000000000000000e+00	0.00000000000000000e+00	0.00000000000000000e+00
3000.000000	2.04317515824815447e-05	1.48369641197840965e-08	1.77947495746083997e-05	2.37373127653760879e-05	0.00000000000000000e+00	0.00000000000000000e+00	0.00000000000000000e+00
3040.000000	1.94807595995170954e-05	1.43737849982295236e-08	1.69460192861453025e-05	2.26629234826836282e-05	0.00000000000000000e+00	0.00000000000000000e+00	0.00000000000000000e+00
3080.000000	1.86051888913084197e-05	1.38871317659054858e-08	1.61647486918259021e-05	2.16735790763105920e-05	0.00000000000000000e+00	0.00000000000000000e+00	0.00000000000000000e+00
3120.000000	1.77179852700380959e-05	1.33869933097010308e-08	1.53750832256908291e-05	2.06681985642590964e-05	0.00000000000000000e+00	0.00000000000000000e+00	0.00000000000000000e+00
3160.000000	1.69098781745100226e-05	1.29092145770417201e-08	1.46564777878358930e-05	1.97515378520249665e-05	0.00000000000000000e+00	0.00000000000000000e+00	0.00000000000000000e+00
3200.000000	1.61088142812851666e-05	1.24474323375286279e-08	1.39453716602493187e-05	1.88410892677555390e-05	0.00000000000000000e+00	0.00000000000000000e+00	0.00000000000000000e+00
3240.000000	1.53113527010206717e-05	1.19930897344982812e-08	1.32385681451976981e-05	1.79331153611125584e-05	0.00000000000000000e+00	0.00000000000000000e+00	0.00000000000000000e+00
3280.000000	1.46466562643790215e-05	1.17063889841893598e-08	1.26490403507006102e-05	1.71769298596344504e-05	0.00000000000000000e+00	0.00000000000000000e+00	0.00000000000000000e+00
3320.000000	1.39328345987191345e-05	1.11166421472782305e-08	1.20186448833702702e-05	1.63608551281218561e-05	0.00000000000000000e+00	0.00000000000000000e+00	0.00000000000000000e+00
3360.000000	1.32499956189054835e-05	1.07461893578830849e-08	1.14157941283617719e-05	1.55799972663832544e-05	0.00000000000000000e+00	0.00000000000000000e+00	0.00000000000000000e+00
3400.000000	1.26223285052302039e-05	1.02927926327847775e-08	1.08617496534633034e-05	1.48621051957365916e-05	0.00000000000000000e+00	0.00000000000000000e+00	0.00000000000000000e+00
3440.000000	1.20189888875776532e-05	9.91721073455322154e-09	1.03308447448622913e-05	1.41695526871720729e-05	0.00000000000000000e+00	0.00000000000000000e+00	0.00000000000000000e+00
3480.000000	1.14440963610581176e-05	9.58273654454533620e-09	9.82476533672063359e-06	1.35100203772072723e-05	0.00000000000000000e+00	0.00000000000000000e+00	0.00000000000000000e+00
3520.000000	1.08845435980976838e-05	9.28898265192356874e-09	9.33337400065241018e-06	1.28663108051584452e-05	0.00000000000000000e+00	0.00000000000000000e+00	0.00000000000000000e+00
3560.000000	1.03609572341789519e-05	8.85230374709386354e-09	8.87412897836819099e-06	1.22631451324117675e-05	0.00000000000000000e+00	0.00000000000000000e+00	0.00000000000000000e+00
3600.000000	9.86108616083647225e-06	8.49201771443872203e-09	8.43607554953784446e-06	1.16867380853849581e-05	0.00000000000000000e+00	0.00000000000000000e+00	0.00000000000000000e+00
3640.000000	9.39630450474734942e-06	8.19652371034931416e-09	8.02913888183672438e-06	1.11502914497236961e-05	0.00000000000000000e+00	0.00000000000000000e+00	0.00000000000000000e+00
3680.000000	8.90178796600501763e-06	7.81648145000464951e-09	7.59785927580609193e-06	1.05768849177107637e-05	0.00000000000000000e+00	0.00000000000000000e+00	0.00000000000000000e+00
3720.000000	8.46776546912133371e-06	7.52910291009641816e-09	7.21897393648487654e-06	1.00742522085501942e-05	0.00000000000000000e+00	0.00000000000000000e+00	0.00000000000000000e+00
3760.000000	8.06539021046232388e-06	7.23036013443320935e-09	6.86813151711210081e-06	9.60766027124674316e-06	0.00000000000000000e+00	0.00000000000000000e+00	0.00000000000000000e+00
3800.000000	7.67495225691400427e-06	6.97272015441164779e-09	6.52789488996450053e-06	9.15465297164628399e-06	0.00000000000000000e+00	0.00000000000000000e+00	0.00000000000000000e+00
3840.000000	7.27519237879435376e-06	6.67351250963914066e-09	6.18075472768333024e-06	8.68891116893407808e-06	0.00000000000000000e+00	0.00000000000000000e+00	0.00000000000000000e+00
3880.000000	6.91996688617837177e-06	6.39294165757165250e-09	5.87226298860858097e-06	8.27514436879843675e-06	0.00000000000000000e+00	0.00000000000000000e+00	0.00000000000000000e+00
3920.000000	6.56259109525853823e-06	6.16622134605048125e-09	5.56261180567815771e-06	7.85776785618485630e-06	0.00000000000000000e+00	0.00000000000000000e+00	0.00000000000000000e+00
3960.000000	6.23950869918359232e-06	5.90320135702401044e-09	5.28264323075300419e-06	7.48052371073941278e-06	0.00000000000000000e+00	0.00000000000000000e+00	0.00000000000000000e+00
4000.000000	5.91325082096486931e-06	5.64318859477875925e-09	5.00066235778835894e-06	7.09842421479467746e-06	0.00000000000000000e+00	0.00000000000000000e+00	0.00000000000000000e+00
4040.000000	5.61722662714406538e-06	5.40300620879063941e-09	4.74486893490409528e-06	6.75168628729219418e-06	0.00000000000000000e+00	0.00000000000000000e+00	0.00000000000000000e+00
4080.000000	5.33362552469688694e-06	5.19318115446046186e-09	4.50029856969497966e-06	6.41871897819141428e-06	0.00000000000000000e+00	0.00000000000000000e+00	0.00000000000000000e+00
4120.000000	5.05248909222028970e-06	4.94310123175082653e-09	4.25826864577700114e-06	6.08802382396254083e-06	0.00000000000000000e+00	0.00000000000000000e+00	0.00000000000000000e+00
