500.0 	500.0 	0.0006985294317349321 	1.7276731771510546e-05 	0.0007076161000421312 	0.0007007319640493643 	0.0007063772401941601 	0.0006985294317349321 	0.000695860572194492 	0.0006967825828990019 	0.0006926853223279453
530.0 	530.0 	0.0006985294317349321 	1.7276731771510546e-05 	0.0007076161000421312 	0.0007007319640493643 	0.0007063772401941601 	0.0006985294317349321 	0.000695860572194492 	0.0006967825828990019 	0.0006926853223279453
530.0 	530.0 	0.0007447523264714032 	1.3757923851682406e-05 	0.0007532122762317787 	0.0007466107791569646 	0.0007527132412269248 	0.0007447523264714032 	0.0007423304650276519 	0.0007432938387360394 	0.0007391233966193966
560.0 	560.0 	0.0007447523264714032 	1.3757923851682406e-05 	0.0007532122762317787 	0.0007466107791569646 	0.0007527132412269248 	0.0007447523264714032 	0.0007423304650276519 	0.0007432938387360394 	0.0007391233966193966
560.0 	560.0 	0.0007759679546147198 	2.5143191402425244e-06 	0.0007837567695519501 	0.0007764830131790146 	0.0007848942064407117 	0.0007759679546147198 	0.00077301126627347 	0.0007755876103939166 	0.0007706430023795272
590.0 	590.0 	0.0007759679546147198 	2.5143191402425244e-06 	0.0007837567695519501 	0.0007764830131790146 	0.0007848942064407117 	0.0007759679546147198 	0.00077301126627347 	0.0007755876103939166 	0.0007706430023795272
590.0 	590.0 	0.0007958980768866616 	1.3754576941994116e-05 	0.0007996299695929866 	0.0007946164347658815 	0.000803145334638228 	0.0007958980768866616 	0.0007947817357937055 	0.0007969829291014596 	0.000793433075730089
620.0 	620.0 	0.0007958980768866616 	1.3754576941994116e-05 	0.0007996299695929866 	0.0007946164347658815 	0.000803145334638228 	0.0007958980768866616 	0.0007947817357937055 	0.0007969829291014596 	0.000793433075730089
620.0 	620.0 	0.0008292844484305675 	1.0247769924048278e-05 	0.0008346000332540376 	0.0008283162680775767 	0.0008380129681656364 	0.0008292844484305675 	0.000827004928337795 	0.000830100972036378 	0.0008252313435079518
650.0 	650.0 	0.0008292844484305675 	1.0247769924048278e-05 	0.0008346000332540376 	0.0008283162680775767 	0.0008380129681656364 	0.0008292844484305675 	0.000827004928337795 	0.000830100972036378 	0.0008252313435079518
650.0 	650.0 	0.0008528809248122183 	1.058499313611259e-05 	0.0008576883027232873 	0.0008520127938407297 	0.0008613750244991963 	0.0008528809248122183 	0.0008509252882681882 	0.0008536382877039051 	0.0008488236300311537
680.0 	680.0 	0.0008528809248122183 	1.058499313611259e-05 	0.0008576883027232873 	0.0008520127938407297 	0.0008613750244991963 	0.0008528809248122183 	0.0008509252882681882 	0.0008536382877039051 	0.0008488236300311537
680.0 	680.0 	0.0008494721486501149 	3.2962160118539915e-05 	0.0008505947219048118 	0.0008460108607480561 	0.0008572878582104263 	0.0008494721486501149 	0.0008483192525970163 	0.0008523242478731861 	0.0008480103517777842
710.0 	710.0 	0.0008494721486501149 	3.2962160118539915e-05 	0.0008505947219048118 	0.0008460108607480561 	0.0008572878582104263 	0.0008494721486501149 	0.0008483192525970163 	0.0008523242478731861 	0.0008480103517777842
710.0 	710.0 	0.0008657618712621988 	3.0765755969659065e-05 	0.0008671118928655302 	0.0008626555119913651 	0.0008737349414154341 	0.0008657618712621988 	0.0008645228612397955 	0.0008683424777352173 	0.0008637470108300221
740.0 	740.0 	0.0008657618712621988 	3.0765755969659065e-05 	0.0008671118928655302 	0.0008626555119913651 	0.0008737349414154341 	0.0008657618712621988 	0.0008645228612397955 	0.0008683424777352173 	0.0008637470108300221
740.0 	740.0 	0.0008682316453333312 	3.86374066822836e-05 	0.0008668948398682674 	0.000864183922676305 	0.000874900565970326 	0.0008682316453333312 	0.0008681995928579312 	0.000871567973604814 	0.0008678745698952856
770.0 	770.0 	0.0008682316453333312 	3.86374066822836e-05 	0.0008668948398682674 	0.000864183922676305 	0.000874900565970326 	0.0008682316453333312 	0.0008681995928579312 	0.000871567973604814 	0.0008678745698952856
770.0 	770.0 	0.0008806567564386063 	3.247706745924674e-05 	0.0008810986841540239 	0.0008774398044800463 	0.0008883963149940418 	0.0008806567564386063 	0.0008797193914705205 	0.0008833385908327467 	0.0008786628765906736
800.0 	800.0 	0.0008806567564386063 	3.247706745924674e-05 	0.0008810986841540239 	0.0008774398044800463 	0.0008883963149940418 	0.0008806567564386063 	0.0008797193914705205 	0.0008833385908327467 	0.0008786628765906736
800.0 	800.0 	0.0008746812282553895 	4.199320219109665e-05 	0.0008736825092378248 	0.0008703184653421228 	0.0008823783127355777 	0.0008746812282553895 	0.0008736690743708677 	0.0008782823309062638 	0.0008733795523689801
830.0 	830.0 	0.0008746812282553895 	4.199320219109665e-05 	0.0008736825092378248 	0.0008703184653421228 	0.0008823783127355777 	0.0008746812282553895 	0.0008736690743708677 	0.0008782823309062638 	0.0008733795523689801
830.0 	830.0 	0.0008671608735151838 	5.008931117339904e-05 	0.0008643300553316135 	0.0008619192493115294 	0.0008741906271239486 	0.0008671608735151838 	0.0008667233234631198 	0.0008714806081895624 	0.0008669654221672327
860.0 	860.0 	0.0008671608735151838 	5.008931117339904e-05 	0.0008643300553316135 	0.0008619192493115294 	0.0008741906271239486 	0.0008671608735151838 	0.0008667233234631198 	0.0008714806081895624 	0.0008669654221672327
860.0 	860.0 	0.0008702622935557665 	4.409285325845892e-05 	0.0008669331862611137 	0.0008657088083118383 	0.000876399802347189 	0.0008702622935557665 	0.0008705834688766152 	0.0008740249952173343 	0.0008700791401697491
890.0 	890.0 	0.0008702622935557665 	4.409285325845892e-05 	0.0008669331862611137 	0.0008657088083118383 	0.000876399802347189 	0.0008702622935557665 	0.0008705834688766152 	0.0008740249952173343 	0.0008700791401697491
890.0 	890.0 	0.0008618121264878213 	4.893904718365279e-05 	0.00085958199769169 	0.0008567695269853179 	0.0008695180140439536 	0.0008618121264878213 	0.0008606900751545085 	0.000865980830565921 	0.0008606266870110127
920.0 	920.0 	0.0008618121264878213 	4.893904718365279e-05 	0.00085958199769169 	0.0008567695269853179 	0.0008695180140439536 	0.0008618121264878213 	0.0008606900751545085 	0.000865980830565921 	0.0008606266870110127
920.0 	920.0 	0.0008580499696518062 	4.569090097884104e-05 	0.0008558614972978515 	0.0008533258504338998 	0.0008656563621686399 	0.0008580499696518062 	0.0008568847724100682 	0.0008619522970188897 	0.0008564604391705572
950.0 	950.0 	0.0008580499696518062 	4.569090097884104e-05 	0.0008558614972978515 	0.0008533258504338998 	0.0008656563621686399 	0.0008580499696518062 	0.0008568847724100682 	0.0008619522970188897 	0.0008564604391705572
950.0 	950.0 	0.0008376045598136817 	5.877485718798661e-05 	0.0008312043689839266 	0.0008315172345675135 	0.0008427586470857009 	0.0008376045598136817 	0.000838449715334903 	0.0008426304853247256 	0.0008388947431781828
980.0 	980.0 	0.0008376045598136817 	5.877485718798661e-05 	0.0008312043689839266 	0.0008315172345675135 	0.0008427586470857009 	0.0008376045598136817 	0.000838449715334903 	0.0008426304853247256 	0.0008388947431781828
980.0 	980.0 	0.0008463381948476624 	4.094433545842088e-05 	0.0008440386013336818 	0.000842186848378865 	0.0008535483954335973 	0.0008463381948476624 	0.0008453073816700031 	0.0008497803880335318 	0.0008442700825464724
1010.0 	1010.0 	0.0008463381948476624 	4.094433545842088e-05 	0.0008440386013336818 	0.000842186848378865 	0.0008535483954335973 	0.0008463381948476624 	0.0008453073816700031 	0.0008497803880335318 	0.0008442700825464724
1010.0 	1010.0 	0.0008184824785713361 	5.790254780727432e-05 	0.0008128050588001456 	0.000812505760482163 	0.0008243693350626554 	0.0008184824785713361 	0.0008185074055730138 	0.000823420180354799 	0.000818826688012824
1040.0 	1040.0 	0.0008184824785713361 	5.790254780727432e-05 	0.0008128050588001456 	0.000812505760482163 	0.0008243693350626554 	0.0008184824785713361 	0.0008185074055730138 	0.000823420180354799 	0.000818826688012824
1040.0 	1040.0 	0.0008273341364448923 	3.795097461015524e-05 	0.0008245574477889957 	0.0008234554024225061 	0.0008340331796937851 	0.0008273341364448923 	0.0008264643851966021 	0.0008305440735313096 	0.0008250836685269045
1070.0 	1070.0 	0.0008273341364448923 	3.795097461015524e-05 	0.0008245574477889957 	0.0008234554024225061 	0.0008340331796937851 	0.0008273341364448923 	0.0008264643851966021 	0.0008305440735313096 	0.0008250836685269045
1070.0 	1070.0 	0.000798985606498425 	5.3876411498413805e-05 	0.0007931813050288767 	0.0007936631732463334 	0.0008043015154148787 	0.000798985606498425 	0.000799223259043628 	0.0008034229471247537 	0.0007989499010181315
1100.0 	1100.0 	0.000798985606498425 	5.3876411498413805e-05 	0.0007931813050288767 	0.0007936631732463334 	0.0008043015154148787 	0.000798985606498425 	0.000799223259043628 	0.0008034229471247537 	0.0007989499010181315
1100.0 	1100.0 	0.0007734917533798374 	6.536259556312104e-05 	0.0007655337405430596 	0.0007665279452839589 	0.0007784042616357631 	0.0007734917533798374 	0.0007740200977881406 	0.0007792068443070881 	0.0007749700487575813
1130.0 	1130.0 	0.0007734917533798374 	6.536259556312104e-05 	0.0007655337405430596 	0.0007665279452839589 	0.0007784042616357631 	0.0007734917533798374 	0.0007740200977881406 	0.0007792068443070881 	0.0007749700487575813
1130.0 	1130.0 	0.0008091547076292025 	1.6494899978619313e-05 	0.0008096379874892719 	0.0008078827031025802 	0.000816571914596007 	0.0008091547076292025 	0.0008071243088377919 	0.0008102754413037348 	0.0008037009543779886
1160.0 	1160.0 	0.0008091547076292025 	1.6494899978619313e-05 	0.0008096379874892719 	0.0008078827031025802 	0.000816571914596007 	0.0008091547076292025 	0.0008071243088377919 	0.0008102754413037348 	0.0008037009543779886
1160.0 	1160.0 	0.0007389711120871913 	7.184997276899637e-05 	0.0007290614752018879 	0.0007314218324643793 	0.0007427129491331035 	0.0007389711120871913 	0.0007401391947571739 	0.0007451847366621428 	0.0007415117728028293
1190.0 	1190.0 	0.0007389711120871913 	7.184997276899637e-05 	0.0007290614752018879 	0.0007314218324643793 	0.0007427129491331035 	0.0007389711120871913 	0.0007401391947571739 	0.0007451847366621428 	0.0007415117728028293
1190.0 	1190.0 	0.0007457902518442752 	5.1364832384712804e-05 	0.0007395688736478065 	0.000740504538085433 	0.0007508316029920239 	0.0007457902518442752 	0.0007457147285328961 	0.0007501589444277638 	0.000745353710635401
1220.0 	1220.0 	0.0007457902518442752 	5.1364832384712804e-05 	0.0007395688736478065 	0.000740504538085433 	0.0007508316029920239 	0.0007457902518442752 	0.0007457147285328961 	0.0007501589444277638 	0.000745353710635401
1220.0 	1220.0 	0.0007387383890616286 	4.250291855427234e-05 	0.0007347664977082977 	0.0007344213332949574 	0.0007449316669714676 	0.0007387383890616286 	0.0007375042053131525 	0.0007423144172661757 	0.0007364692474810565
1250.0 	1250.0 	0.0007387383890616286 	4.250291855427234e-05 	0.0007347664977082977 	0.0007344213332949574 	0.0007449316669714676 	0.0007387383890616286 	0.0007375042053131525 	0.0007423144172661757 	0.0007364692474810565
1250.0 	1250.0 	0.0007113691151483422 	5.510037327333803e-05 	0.000702674324167443 	0.0007056559951445087 	0.0007145738196439727 	0.0007113691151483422 	0.0007125029388765385 	0.0007160827314842978 	0.0007124006827374948
1280.0 	1280.0 	0.0007113691151483422 	5.510037327333803e-05 	0.000702674324167443 	0.0007056559951445087 	0.0007145738196439727 	0.0007113691151483422 	0.0007125029388765385 	0.0007160827314842978 	0.0007124006827374948
1280.0 	1280.0 	0.0007056846370947762 	4.4756652856422226e-05 	0.0007003162084072691 	0.0007011273752356575 	0.0007108289927791057 	0.0007056846370947762 	0.0007050228573562355 	0.0007094584120137917 	0.0007041658662054037
1310.0 	1310.0 	0.0007056846370947762 	4.4756652856422226e-05 	0.0007003162084072691 	0.0007011273752356575 	0.0007108289927791057 	0.0007056846370947762 	0.0007050228573562355 	0.0007094584120137917 	0.0007041658662054037
1310.0 	1310.0 	0.0006834459804341609 	5.204666748555534e-05 	0.0006763758820982932 	0.0006780765986474321 	0.0006877743255679183 	0.0006834459804341609 	0.0006833715319124701 	0.0006878791089619607 	0.0006831444906442507
1340.0 	1340.0 	0.0006834459804341609 	5.204666748555534e-05 	0.0006763758820982932 	0.0006780765986474321 	0.0006877743255679183 	0.0006834459804341609 	0.0006833715319124701 	0.0006878791089619607 	0.0006831444906442507
1340.0 	1340.0 	0.0006785039097288162 	3.942272715473786e-05 	0.0006724741045740085 	0.0006746479403513773 	0.0006823630257519812 	0.0006785039097288162 	0.0006786969738581277 	0.0006817223756075372 	0.0006772761616722361
1370.0 	1370.0 	0.0006785039097288162 	3.942272715473786e-05 	0.0006724741045740085 	0.0006746479403513773 	0.0006823630257519812 	0.0006785039097288162 	0.0006786969738581277 	0.0006817223756075372 	0.0006772761616722361
1370.0 	1370.0 	0.0006658124794701853 	3.816400130140428e-05 	0.0006616003343426054 	0.0006619988245894787 	0.0006712644450126991 	0.0006658124794701853 	0.0006645071217866092 	0.0006689812302906574 	0.0006631878509173063
1400.0 	1400.0 	0.0006658124794701853 	3.816400130140428e-05 	0.0006616003343426054 	0.0006619988245894787 	0.0006712644450126991 	0.0006658124794701853 	0.0006645071217866092 	0.0006689812302906574 	0.0006631878509173063
1400.0 	1400.0 	0.0006459377821007517 	4.2717978131991924e-05 	0.0006390935394815198 	0.0006415859572114094 	0.0006494862311427818 	0.0006459377821007517 	0.0006460287445109794 	0.0006495392224490111 	0.0006450437578897912
1430.0 	1430.0 	0.0006459377821007517 	4.2717978131991924e-05 	0.0006390935394815198 	0.0006415859572114094 	0.0006494862311427818 	0.0006459377821007517 	0.0006460287445109794 	0.0006495392224490111 	0.0006450437578897912
1430.0 	1430.0 	0.0006354974024829583 	3.7552996962313644e-05 	0.0006315578801181799 	0.0006318886922205186 	0.0006409148107003583 	0.0006354974024829583 	0.0006340195556900147 	0.0006385222554605881 	0.0006326629929797302
1460.0 	1460.0 	0.0006354974024829583 	3.7552996962313644e-05 	0.0006315578801181799 	0.0006318886922205186 	0.0006409148107003583 	0.0006354974024829583 	0.0006340195556900147 	0.0006385222554605881 	0.0006326629929797302
1460.0 	1460.0 	0.0006217780071778608 	3.543086273959575e-05 	0.0006163557621590543 	0.0006181841182722931 	0.0006258265554406378 	0.0006217780071778608 	0.0006212510962540468 	0.0006247546961066283 	0.0006197910358843822
1490.0 	1490.0 	0.0006217780071778608 	3.543086273959575e-05 	0.0006163557621590543 	0.0006181841182722931 	0.0006258265554406378 	0.0006217780071778608 	0.0006212510962540468 	0.0006247546961066283 	0.0006197910358843822
1490.0 	1490.0 	0.0005836228669606632 	5.8497776874193535e-05 	0.0005736491628396362 	0.0005775448746052173 	0.0005857652385365786 	0.0005836228669606632 	0.0005846086062247204 	0.0005886331736418211 	0.000585090583924892
1520.0 	1520.0 	0.0005836228669606632 	5.8497776874193535e-05 	0.0005736491628396362 	0.0005775448746052173 	0.0005857652385365786 	0.0005836228669606632 	0.0005846086062247204 	0.0005886331736418211 	0.000585090583924892
1520.0 	1520.0 	0.0005931706379589795 	3.305880800899964e-05 	0.0005883295391806005 	0.0005899081728024518 	0.0005973290690688326 	0.0005931706379589795 	0.0005922901038603759 	0.000595887704018236 	0.0005907082271370737
1550.0 	1550.0 	0.0005931706379589795 	3.305880800899964e-05 	0.0005883295391806005 	0.0005899081728024518 	0.0005973290690688326 	0.0005931706379589795 	0.0005922901038603759 	0.000595887704018236 	0.0005907082271370737
1550.0 	1550.0 	0.0005774119322881599 	3.380798215562935e-05 	0.0005728958678225115 	0.0005741287636570094 	0.0005818327111280396 	0.0005774119322881599 	0.0005761605344665857 	0.0005801562649135925 	0.0005746871227970152
1580.0 	1580.0 	0.0005774119322881599 	3.380798215562935e-05 	0.0005728958678225115 	0.0005741287636570094 	0.0005818327111280396 	0.0005774119322881599 	0.0005761605344665857 	0.0005801562649135925 	0.0005746871227970152
1580.0 	1580.0 	0.0005516303510088918 	4.52747162060159e-05 	0.0005445502681472111 	0.000547026875210526 	0.0005548731536263393 	0.0005516303510088918 	0.0005512766818247017 	0.0005554413715853293 	0.0005508416989371166
1610.0 	1610.0 	0.0005516303510088918 	4.52747162060159e-05 	0.0005445502681472111 	0.000547026875210526 	0.0005548731536263393 	0.0005516303510088918 	0.0005512766818247017 	0.0005554413715853293 	0.0005508416989371166
1610.0 	1610.0 	0.0005546179597728243 	2.6392521218400475e-05 	0.0005515390509605081 	0.0005521387325688671 	0.0005594843245752826 	0.0005546179597728243 	0.0005528153341485886 	0.0005567037758669335 	0.0005508460481568832
1640.0 	1640.0 	0.0005546179597728243 	2.6392521218400475e-05 	0.0005515390509605081 	0.0005521387325688671 	0.0005594843245752826 	0.0005546179597728243 	0.0005528153341485886 	0.0005567037758669335 	0.0005508460481568832
1640.0 	1640.0 	0.0005162439734799798 	5.142215618339471e-05 	0.0005064756171813037 	0.0005108576733957807 	0.000517662893181559 	0.0005162439734799798 	0.000517233355285043 	0.0005206767396240854 	0.00051740087846314
1670.0 	1670.0 	0.0005162439734799798 	5.142215618339471e-05 	0.0005064756171813037 	0.0005108576733957807 	0.000517662893181559 	0.0005162439734799798 	0.000517233355285043 	0.0005206767396240854 	0.00051740087846314
1670.0 	1670.0 	0.0005326963223518507 	2.1370490328549244e-05 	0.0005304582034015308 	0.0005306841355029213 	0.0005377889502807354 	0.0005326963223518507 	0.0005304964750510494 	0.0005343880931526549 	0.0005282695309771438
1700.0 	1700.0 	0.0005326963223518507 	2.1370490328549244e-05 	0.0005304582034015308 	0.0005306841355029213 	0.0005377889502807354 	0.0005326963223518507 	0.0005304964750510494 	0.0005343880931526549 	0.0005282695309771438
1700.0 	1700.0 	0.0004984509844550092 	4.093538366567474e-05 	0.0004907110940807968 	0.0004942776313116338 	0.0005004715164375142 	0.0004984509844550092 	0.0004986970238457581 	0.0005019043686456608 	0.000498069496550418
1730.0 	1730.0 	0.0004984509844550092 	4.093538366567474e-05 	0.0004907110940807968 	0.0004942776313116338 	0.0005004715164375142 	0.0004984509844550092 	0.0004986970238457581 	0.0005019043686456608 	0.000498069496550418
1730.0 	1730.0 	0.0004837090749776697 	4.16454256861786e-05 	0.00047608209793924847 	0.0004793442327303328 	0.0004859354451854926 	0.0004837090749776697 	0.00048366421561514496 	0.0004873017425519374 	0.0004832620724450368
1760.0 	1760.0 	0.0004837090749776697 	4.16454256861786e-05 	0.00047608209793924847 	0.0004793442327303328 	0.0004859354451854926 	0.0004837090749776697 	0.00048366421561514496 	0.0004873017425519374 	0.0004832620724450368
1760.0 	1760.0 	0.00047867181518126067 	3.2934122703564025e-05 	0.000472934635135086 	0.00047542324000013537 	0.0004815082705145992 	0.00047867181518126067 	0.00047805380016608566 	0.0004813768415540411 	0.00047688680032063375
1790.0 	1790.0 	0.00047867181518126067 	3.2934122703564025e-05 	0.000472934635135086 	0.00047542324000013537 	0.0004815082705145992 	0.00047867181518126067 	0.00047805380016608566 	0.0004813768415540411 	0.00047688680032063375
1790.0 	1790.0 	0.00046574985126416615 	3.368097703693875e-05 	0.0004596188290706605 	0.00046242920676019315 	0.00046822767679326703 	0.00046574985126416615 	0.00046530215448575097 	0.00046851497036794513 	0.00046423802770459774
1820.0 	1820.0 	0.00046574985126416615 	3.368097703693875e-05 	0.0004596188290706605 	0.00046242920676019315 	0.00046822767679326703 	0.00046574985126416615 	0.00046530215448575097 	0.00046851497036794513 	0.00046423802770459774
1820.0 	1820.0 	0.0004577026527298899 	2.838301990688124e-05 	0.0004520158468036753 	0.0004549435062431075 	0.00046001174966099346 	0.0004577026527298899 	0.00045730987837348585 	0.0004600076672677328 	0.0004558372722609478
1850.0 	1850.0 	0.0004577026527298899 	2.838301990688124e-05 	0.0004520158468036753 	0.0004549435062431075 	0.00046001174966099346 	0.0004577026527298899 	0.00045730987837348585 	0.0004600076672677328 	0.0004558372722609478
1850.0 	1850.0 	0.0004500968530239477 	2.3988361480593195e-05 	0.0004454334200721282 	0.00044775705390733076 	0.0004528767895422694 	0.0004500968530239477 	0.0004491795139213318 	0.00045204896505158187 	0.0004474620039816196
1880.0 	1880.0 	0.0004500968530239477 	2.3988361480593195e-05 	0.0004454334200721282 	0.00044775705390733076 	0.0004528767895422694 	0.0004500968530239477 	0.0004491795139213318 	0.00045204896505158187 	0.0004474620039816196
1880.0 	1880.0 	0.00042032085656371423 	4.0623718687476346e-05 	0.00041186418388983637 	0.00041616598942877407 	0.00042124698483229353 	0.00042032085656371423 	0.0004208862186146489 	0.0004237559189821835 	0.0004205809259351815
1910.0 	1910.0 	0.00042032085656371423 	4.0623718687476346e-05 	0.00041186418388983637 	0.00041616598942877407 	0.00042124698483229353 	0.00042032085656371423 	0.0004208862186146489 	0.0004237559189821835 	0.0004205809259351815
1910.0 	1910.0 	0.0004328417769220556 	1.582617407279293e-05 	0.00042994243539531366 	0.00043125471301594143 	0.00043638938422750065 	0.0004328417769220556 	0.0004311486548080589 	0.0004341584921090957 	0.000428988287790672
1940.0 	1940.0 	0.0004328417769220556 	1.582617407279293e-05 	0.00042994243539531366 	0.00043125471301594143 	0.00043638938422750065 	0.0004328417769220556 	0.0004311486548080589 	0.0004341584921090957 	0.000428988287790672
1940.0 	1940.0 	0.0004130193900492581 	2.3289122740710784e-05 	0.0004087323430305277 	0.0004108514875344874 	0.0004157441807477048 	0.0004130193900492581 	0.00041189923275910845 	0.00041484622448409024 	0.0004102737858981063
1970.0 	1970.0 	0.0004130193900492581 	2.3289122740710784e-05 	0.0004087323430305277 	0.0004108514875344874 	0.0004157441807477048 	0.0004130193900492581 	0.00041189923275910845 	0.00041484622448409024 	0.0004102737858981063
1970.0 	1970.0 	0.00039258899683313457 	3.2184777686133267e-05 	0.0003862536007582704 	0.0003893724275586684 	0.0003943472494435319 	0.00039258899683313457 	0.00039231126950057334 	0.00039525917016600045 	0.0003915106722882313
2000.0 	2000.0 	0.00039258899683313457 	3.2184777686133267e-05 	0.0003862536007582704 	0.0003893724275586684 	0.0003943472494435319 	0.00039258899683313457 	0.00039231126950057334 	0.00039525917016600045 	0.0003915106722882313
2000.0 	2000.0 	0.0003767565694103519 	3.677983721699922e-05 	0.0003698270629972367 	0.0003730374098801157 	0.00037835447691718675 	0.0003767565694103519 	0.00037643480068126395 	0.00037983927309873935 	0.00037611414989194926
2030.0 	2030.0 	0.0003767565694103519 	3.677983721699922e-05 	0.0003698270629972367 	0.0003730374098801157 	0.00037835447691718675 	0.0003767565694103519 	0.00037643480068126395 	0.00037983927309873935 	0.00037611414989194926
2030.0 	2030.0 	0.00039590678943021674 	6.446428706125943e-06 	0.00039428312496495727 	0.00039543525220247166 	0.00039929848690431474 	0.00039590678943021674 	0.00039401345878078807 	0.00039632642931318235 	0.00039122377137272265
2060.0 	2060.0 	0.00039590678943021674 	6.446428706125943e-06 	0.00039428312496495727 	0.00039543525220247166 	0.00039929848690431474 	0.00039590678943021674 	0.00039401345878078807 	0.00039632642931318235 	0.00039122377137272265
2060.0 	2060.0 	0.0003686531036823522 	2.2089190730907123e-05 	0.0003638891558064974 	0.00036642907392878105 	0.0003707056508666389 	0.0003686531036823522 	0.00036787040065063616 	0.0003704972434279112 	0.00036647637468686207
2090.0 	2090.0 	0.0003686531036823522 	2.2089190730907123e-05 	0.0003638891558064974 	0.00036642907392878105 	0.0003707056508666389 	0.0003686531036823522 	0.00036787040065063616 	0.0003704972434279112 	0.00036647637468686207
2090.0 	2090.0 	0.00035388275970720814 	2.644522375427761e-05 	0.0003475449111831414 	0.00035120839860441704 	0.00035485357521713285 	0.00035388275970720814 	0.00035387263142460913 	0.00035609770323788946 	0.0003528383575825723
2120.0 	2120.0 	0.00035388275970720814 	2.644522375427761e-05 	0.0003475449111831414 	0.00035120839860441704 	0.00035485357521713285 	0.00035388275970720814 	0.00035387263142460913 	0.00035609770323788946 	0.0003528383575825723
2120.0 	2120.0 	0.0003469582456909856 	2.2791390653416627e-05 	0.00034244391665296566 	0.0003446906238546136 	0.0003491287141689665 	0.0003469582456909856 	0.00034590574006156685 	0.0003488434759398731 	0.00034469777209878924
2150.0 	2150.0 	0.0003469582456909856 	2.2791390653416627e-05 	0.00034244391665296566 	0.0003446906238546136 	0.0003491287141689665 	0.0003469582456909856 	0.00034590574006156685 	0.0003488434759398731 	0.00034469777209878924
2150.0 	2150.0 	0.00033656580873433735 	2.2344821040193567e-05 	0.00033221631228245215 	0.0003343662756652814 	0.0003387461595029585 	0.00033656580873433735 	0.0003354603706046249 	0.0003383961707509337 	0.0003342662717513335
2180.0 	2180.0 	0.00033656580873433735 	2.2344821040193567e-05 	0.00033221631228245215 	0.0003343662756652814 	0.0003387461595029585 	0.00033656580873433735 	0.0003354603706046249 	0.0003383961707509337 	0.0003342662717513335
2180.0 	2180.0 	0.0003269279714277412 	2.2608180502076987e-05 	0.0003212337256306914 	0.0003245559204143436 	0.0003279790696506348 	0.0003269279714277412 	0.0003266918566784668 	0.00032888068646316705 	0.00032559994459973945
2210.0 	2210.0 	0.0003269279714277412 	2.2608180502076987e-05 	0.0003212337256306914 	0.0003245559204143436 	0.0003279790696506348 	0.0003269279714277412 	0.0003266918566784668 	0.00032888068646316705 	0.00032559994459973945
2210.0 	2210.0 	0.0003279743456361828 	1.1666896896859155e-05 	0.00032534303116276157 	0.00032694546834991656 	0.0003304918957533265 	0.0003279743456361828 	0.0003264390080142931 	0.0003288491575500806 	0.0003244522181518756
2240.0 	2240.0 	0.0003279743456361828 	1.1666896896859155e-05 	0.00032534303116276157 	0.00032694546834991656 	0.0003304918957533265 	0.0003279743456361828 	0.0003264390080142931 	0.0003288491575500806 	0.0003244522181518756
2240.0 	2240.0 	0.00031865671227795895 	1.1405795977449988e-05 	0.0003168269999401889 	0.00031764095237475333 	0.00032181480624791594 	0.00031865671227795895 	0.00031659548446978083 	0.0003195195363953034 	0.0003147011572829663
2270.0 	2270.0 	0.00031865671227795895 	1.1405795977449988e-05 	0.0003168269999401889 	0.00031764095237475333 	0.00032181480624791594 	0.00031865671227795895 	0.00031659548446978083 	0.0003195195363953034 	0.0003147011572829663
2270.0 	2270.0 	0.00031538866589017893 	5.808177085309949e-06 	0.000313829867517264 	0.00031490917405006157 	0.00031823773766095323 	0.00031538866589017893 	0.00031343367149009585 	0.00031580415356160423 	0.0003111382448345426
2300.0 	2300.0 	0.00031538866589017893 	5.808177085309949e-06 	0.000313829867517264 	0.00031490917405006157 	0.00031823773766095323 	0.00031538866589017893 	0.00031343367149009585 	0.00031580415356160423 	0.0003111382448345426
2300.0 	2300.0 	0.00028033294939323563 	3.14202210633579e-05 	0.00027375334417245085 	0.0002771686571444421 	0.000280993998117672 	0.00028033294939323563 	0.0002802361484068527 	0.0002829574500158307 	0.00028004888574182925
2330.0 	2330.0 	0.00028033294939323563 	3.14202210633579e-05 	0.00027375334417245085 	0.0002771686571444421 	0.000280993998117672 	0.00028033294939323563 	0.0002802361484068527 	0.0002829574500158307 	0.00028004888574182925
2330.0 	2330.0 	0.0003000620727252918 	3.291490339358886e-06 	0.0002987972749374211 	0.0002998513355760885 	0.0003028000846532766 	0.0003000620727252918 	0.0002981569601672745 	0.0003002540483230174 	0.0002957437581612927
2360.0 	2360.0 	0.0003000620727252918 	3.291490339358886e-06 	0.0002987972749374211 	0.0002998513355760885 	0.0003028000846532766 	0.0003000620727252918 	0.0002981569601672745 	0.0003002540483230174 	0.0002957437581612927
2360.0 	2360.0 	0.0002503462913717047 	4.449900802423147e-05 	0.0002384198104047004 	0.0002456374073666474 	0.0002474546833105903 	0.0002503462913717047 	0.00025293508998147147 	0.00025421304326095985 	0.0002538540223355749
2390.0 	2390.0 	0.0002503462913717047 	4.449900802423147e-05 	0.0002384198104047004 	0.0002456374073666474 	0.0002474546833105903 	0.0002503462913717047 	0.00025293508998147147 	0.00025421304326095985 	0.0002538540223355749
2390.0 	2390.0 	0.0002976975526492283 	1.1580787702435714e-05 	0.0003002995685419168 	0.00029923019118637185 	0.00030219432698711733 	0.0002976975526492283 	0.00029425845917118115 	0.00029648516779260054 	0.00029069965913462183
2420.0 	2420.0 	0.0002976975526492283 	1.1580787702435714e-05 	0.0003002995685419168 	0.00029923019118637185 	0.00030219432698711733 	0.0002976975526492283 	0.00029425845917118115 	0.00029648516779260054 	0.00029069965913462183
2420.0 	2420.0 	0.0002565647506707992 	2.1652818728989043e-05 	0.0002509499537372721 	0.0002543247671912442 	0.00025699840285729026 	0.0002565647506707992 	0.00025641548142007494 	0.0002584137880589425 	0.00025567163704733373
2450.0 	2450.0 	0.0002565647506707992 	2.1652818728989043e-05 	0.0002509499537372721 	0.0002543247671912442 	0.00025699840285729026 	0.0002565647506707992 	0.00025641548142007494 	0.0002584137880589425 	0.00025567163704733373
2450.0 	2450.0 	0.0002504036378695375 	1.912347582112865e-05 	0.0002461280243471407 	0.00024846265454046026 	0.0002516906123590002 	0.0002504036378695375 	0.0002495361539827858 	0.000252009643686889 	0.0002486789008482501
2480.0 	2480.0 	0.0002504036378695375 	1.912347582112865e-05 	0.0002461280243471407 	0.00024846265454046026 	0.0002516906123590002 	0.0002504036378695375 	0.0002495361539827858 	0.000252009643686889 	0.0002486789008482501
2480.0 	2480.0 	0.00024038837869882473 	2.1239579688518346e-05 	0.0002352975354546634 	0.00023821951856221605 	0.0002410704189558397 	0.00024038837869882473 	0.00023998074878037556 	0.00024218182033318536 	0.00023932851558971285
2510.0 	2510.0 	0.00024038837869882473 	2.1239579688518346e-05 	0.0002352975354546634 	0.00023821951856221605 	0.0002410704189558397 	0.00024038837869882473 	0.00023998074878037556 	0.00024218182033318536 	0.00023932851558971285
2510.0 	2510.0 	0.0002366354188329261 	1.7747317932298826e-05 	0.00023278789605978242 	0.00023483944795323693 	0.00023804314202380294 	0.0002366354188329261 	0.00023559152998128824 	0.00023812270730203254 	0.0002347379378283448
2540.0 	2540.0 	0.0002366354188329261 	1.7747317932298826e-05 	0.00023278789605978242 	0.00023483944795323693 	0.00023804314202380294 	0.0002366354188329261 	0.00023559152998128824 	0.00023812270730203254 	0.0002347379378283448
2540.0 	2540.0 	0.0002506396628806353 	3.695849910382338e-06 	0.00025216487734599824 	0.00025124963492907144 	0.0002546531898250883 	0.0002506396628806353 	0.00024746396867334196 	0.0002501717942144015 	0.0002448996405185245
2570.0 	2570.0 	0.0002506396628806353 	3.695849910382338e-06 	0.00025216487734599824 	0.00025124963492907144 	0.0002546531898250883 	0.0002506396628806353 	0.00024746396867334196 	0.0002501717942144015 	0.0002448996405185245
2570.0 	2570.0 	0.0002146182039642525 	2.577868669340063e-05 	0.00020792365583181073 	0.0002119091425604453 	0.0002141644604951549 	0.0002146182039642525 	0.00021498873794104038 	0.00021684602820885884 	0.00021484456160471432
2600.0 	2600.0 	0.0002146182039642525 	2.577868669340063e-05 	0.00020792365583181073 	0.0002119091425604453 	0.0002141644604951549 	0.0002146182039642525 	0.00021498873794104038 	0.00021684602820885884 	0.00021484456160471432
2600.0 	2600.0 	0.00023658047059810472 	3.843467406652983e-06 	0.00023665231012830833 	0.0002371097895671806 	0.00023922690256687317 	0.00023658047059810472 	0.00023438737678746965 	0.0002361643372917879 	0.000231889027692864
2630.0 	2630.0 	0.00023658047059810472 	3.843467406652983e-06 	0.00023665231012830833 	0.0002371097895671806 	0.00023922690256687317 	0.00023658047059810472 	0.00023438737678746965 	0.0002361643372917879 	0.000231889027692864
2630.0 	2630.0 	0.00021882014227968136 	6.758760786115001e-06 	0.0002162947886960667 	0.00021827394419303807 	0.00022001567249729646 	0.00021882014227968136 	0.0002178311939967065 	0.0002192933869358663 	0.00021617548084357493
2660.0 	2660.0 	0.00021882014227968136 	6.758760786115001e-06 	0.0002162947886960667 	0.00021827394419303807 	0.00022001567249729646 	0.00021882014227968136 	0.0002178311939967065 	0.0002192933869358663 	0.00021617548084357493
2660.0 	2660.0 	0.00021047679850016044 	8.461470345885028e-06 	0.00020746532785371135 	0.00020959585344989442 	0.00021148748762029985 	0.00021047679850016044 	0.0002095573792192689 	0.0002112035363161051 	0.00020818914772768247
2690.0 	2690.0 	0.00021047679850016044 	8.461470345885028e-06 	0.00020746532785371135 	0.00020959585344989442 	0.00021148748762029985 	0.00021047679850016044 	0.0002095573792192689 	0.0002112035363161051 	0.00020818914772768247
2690.0 	2690.0 	0.00019459410447579447 	1.7913951926335405e-05 	0.0001891148885283234 	0.0001928031397964629 	0.00019412418367293838 	0.00019459410447579447 	0.00019485251736727364 	0.00019608054359866896 	0.00019419650055248883
2720.0 	2720.0 	0.00019459410447579447 	1.7913951926335405e-05 	0.0001891148885283234 	0.0001928031397964629 	0.00019412418367293838 	0.00019459410447579447 	0.00019485251736727364 	0.00019608054359866896 	0.00019419650055248883
2720.0 	2720.0 	0.00018662896356954183 	1.9784970260147253e-05 	0.00018215740210230117 	0.00018457578801671072 	0.00018725127178971518 	0.00018662896356954183 	0.0001860251701862684 	0.0001883217598960697 	0.00018569443172646382
2750.0 	2750.0 	0.00018662896356954183 	1.9784970260147253e-05 	0.00018215740210230117 	0.00018457578801671072 	0.00018725127178971518 	0.00018662896356954183 	0.0001860251701862684 	0.0001883217598960697 	0.00018569443172646382
2750.0 	2750.0 	0.00019527253715195643 	4.8440917354348135e-06 	0.00019233400488144657 	0.00019486821602054575 	0.00019572680527817044 	0.00019527253715195643 	0.00019469638502450472 	0.00019562119152884182 	0.00019306872276911348
2780.0 	2780.0 	0.00019527253715195643 	4.8440917354348135e-06 	0.00019233400488144657 	0.00019486821602054575 	0.00019572680527817044 	0.00019527253715195643 	0.00019469638502450472 	0.00019562119152884182 	0.00019306872276911348
2780.0 	2780.0 	0.00019610993380959408 	1.748224704978006e-06 	0.0001979854988313518 	0.00019650647558152226 	0.0002001028069166962 	0.00019610993380959408 	0.00019280708544090557 	0.0001958184736550347 	0.00019083948341079725
2810.0 	2810.0 	0.00019610993380959408 	1.748224704978006e-06 	0.0001979854988313518 	0.00019650647558152226 	0.0002001028069166962 	0.00019610993380959408 	0.00019280708544090557 	0.0001958184736550347 	0.00019083948341079725
2810.0 	2810.0 	0.00016206249656626056 	2.6240757324103842e-05 	0.00015405122190882112 	0.0001592354341072152 	0.00016001808054286564 	0.00016206249656626056 	0.00016345933139622746 	0.00016437432929151241 	0.00016370655669346095
2840.0 	2840.0 	0.00016206249656626056 	2.6240757324103842e-05 	0.00015405122190882112 	0.0001592354341072152 	0.00016001808054286564 	0.00016206249656626056 	0.00016345933139622746 	0.00016437432929151241 	0.00016370655669346095
2840.0 	2840.0 	0.00018768494783344314 	4.764363634401688e-06 	0.00018879772482936264 	0.00018835823414432775 	0.00019063557609244863 	0.00018768494783344314 	0.0001851389495603331 	0.00018715776561247435 	0.00018295249799396625
2870.0 	2870.0 	0.00018768494783344314 	4.764363634401688e-06 	0.00018879772482936264 	0.00018835823414432775 	0.00019063557609244863 	0.00018768494783344314 	0.0001851389495603331 	0.00018715776561247435 	0.00018295249799396625
2870.0 	2870.0 	0.00015795899945657683 	1.923535407687105e-05 	0.00015247969163054934 	0.0001559190230414369 	0.00015736342377305781 	0.00015795899945657683 	0.00015822681307103894 	0.000159634353578387 	0.00015803208769823716
2900.0 	2900.0 	0.00015795899945657683 	1.923535407687105e-05 	0.00015247969163054934 	0.0001559190230414369 	0.00015736342377305781 	0.00015795899945657683 	0.00015822681307103894 	0.000159634353578387 	0.00015803208769823716
2900.0 	2900.0 	0.00017016696218966174 	1.455888698104862e-06 	0.00016953122584969198 	0.0001701080668194823 	0.00017208180189269676 	0.00017016696218966174 	0.00016839383224424157 	0.0001702293986770391 	0.00016682046643726563
2930.0 	2930.0 	0.00017016696218966174 	1.455888698104862e-06 	0.00016953122584969198 	0.0001701080668194823 	0.00017208180189269676 	0.00017016696218966174 	0.00016839383224424157 	0.0001702293986770391 	0.00016682046643726563
2930.0 	2930.0 	0.00016539081877633028 	1.1899847655550365e-06 	0.00016460728077329198 	0.0001653249634868592 	0.0001671342336969228 	0.00016539081877633028 	0.00016366587527571653 	0.0001654530064230725 	0.00016212427935825792
2960.0 	2960.0 	0.00016539081877633028 	1.1899847655550365e-06 	0.00016460728077329198 	0.0001653249634868592 	0.0001671342336969228 	0.00016539081877633028 	0.00016366587527571653 	0.0001654530064230725 	0.00016212427935825792
2960.0 	2960.0 	0.0001500296117702824 	1.1291412021521894e-05 	0.0001460159639882681 	0.000148984350018094 	0.0001496653461651857 	0.0001500296117702824 	0.0001500484574580125 	0.00015091177053155124 	0.00014922770134997675
2990.0 	2990.0 	0.0001500296117702824 	1.1291412021521894e-05 	0.0001460159639882681 	0.000148984350018094 	0.0001496653461651857 	0.0001500296117702824 	0.0001500484574580125 	0.00015091177053155124 	0.00014922770134997675
2990.0 	2990.0 	0.00016403890603658048 	7.483810344131448e-06 	0.00016517352571348255 	0.00016485066253111997 	0.00016661493617292785 	0.00016403890603658048 	0.00016164623108255494 	0.00016337360753817441 	0.00015951825228624562
3020.0 	3020.0 	0.00016403890603658048 	7.483810344131448e-06 	0.00016517352571348255 	0.00016485066253111997 	0.00016661493617292785 	0.00016403890603658048 	0.00016164623108255494 	0.00016337360753817441 	0.00015951825228624562
3020.0 	3020.0 	0.0001406695175199098 	1.110534641904156e-05 	0.00013812828579272242 	0.00013958351568380703 	0.00014157804957405775 	0.0001406695175199098 	0.00013967339173805716 	0.0001415739266771857 	0.00013903854244274775
3050.0 	3050.0 	0.0001406695175199098 	1.110534641904156e-05 	0.00013812828579272242 	0.00013958351568380703 	0.00014157804957405775 	0.0001406695175199098 	0.00013967339173805716 	0.0001415739266771857 	0.00013903854244274775
3050.0 	3050.0 	0.0001327908536349757 	1.4442152329094232e-05 	0.00012865565810686873 	0.0001313008204516955 	0.00013257884469793294 	0.0001327908536349757 	0.0001326809230426803 	0.00013402079854480067 	0.00013232911603352183
3080.0 	3080.0 	0.0001327908536349757 	1.4442152329094232e-05 	0.00012865565810686873 	0.0001313008204516955 	0.00013257884469793294 	0.0001327908536349757 	0.0001326809230426803 	0.00013402079854480067 	0.00013232911603352183
3080.0 	3080.0 	0.00014048183607424637 	2.0773662157214994e-06 	0.00013892186412336858 	0.00014030055985715697 	0.00014135628010221413 	0.00014048183607424637 	0.00013941149035505247 	0.00014063617357514034 	0.00013811158020360663
3110.0 	3110.0 	0.00014048183607424637 	2.0773662157214994e-06 	0.00013892186412336858 	0.00014030055985715697 	0.00014135628010221413 	0.00014048183607424637 	0.00013941149035505247 	0.00014063617357514034 	0.00013811158020360663
3110.0 	3110.0 	0.0001453647585619791 	7.79532843293726e-06 	0.0001474809355796618 	0.00014641037961810375 	0.0001483767336090861 	0.0001453647585619791 	0.00014258863252693754 	0.0001445402389449455 	0.00014051407981416318
3140.0 	3140.0 	0.0001453647585619791 	7.79532843293726e-06 	0.0001474809355796618 	0.00014641037961810375 	0.0001483767336090861 	0.0001453647585619791 	0.00014258863252693754 	0.0001445402389449455 	0.00014051407981416318
3140.0 	3140.0 	0.00010855797615528194 	2.531576705735402e-05 	0.000101447583351313 	0.00010578314570370718 	0.00010667912145921179 	0.00010855797615528194 	0.00010975222364063684 	0.00011082137514748541 	0.00011042871814626897
3170.0 	3170.0 	0.00010855797615528194 	2.531576705735402e-05 	0.000101447583351313 	0.00010578314570370718 	0.00010667912145921179 	0.00010855797615528194 	0.00010975222364063684 	0.00011082137514748541 	0.00011042871814626897
3170.0 	3170.0 	0.00012079456094371525 	8.85775548523419e-06 	0.00011777017075529722 	0.00011985151752562667 	0.00012089004300772442 	0.00012079456094371525 	0.00012035753662398788 	0.00012156753880546239 	0.00011973159932301253
3200.0 	3200.0 	0.00012079456094371525 	8.85775548523419e-06 	0.00011777017075529722 	0.00011985151752562667 	0.00012089004300772442 	0.00012079456094371525 	0.00012035753662398788 	0.00012156753880546239 	0.00011973159932301253
3200.0 	3200.0 	0.00012226700754942188 	3.3536236188667174e-06 	0.00011963074494017541 	0.00012186067228698323 	0.00012219096527939872 	0.00012226700754942188 	0.00012188407797717376 	0.00012259300367190831 	0.00012083662286157507
3230.0 	3230.0 	0.00012226700754942188 	3.3536236188667174e-06 	0.00011963074494017541 	0.00012186067228698323 	0.00012219096527939872 	0.00012226700754942188 	0.00012188407797717376 	0.00012259300367190831 	0.00012083662286157507
3230.0 	3230.0 	0.0001235529747805579 	1.6262228404149016e-06 	0.00012340680582030486 	0.00012390616729679278 	0.00012497010083637527 	0.0001235529747805579 	0.00012204045045099523 	0.00012328891260210162 	0.00012055136272875103
3260.0 	3260.0 	0.0001235529747805579 	1.6262228404149016e-06 	0.00012340680582030486 	0.00012390616729679278 	0.00012497010083637527 	0.0001235529747805579 	0.00012204045045099523 	0.00012328891260210162 	0.00012055136272875103
3260.0 	3260.0 	0.00011397257601182133 	3.7676105830498264e-06 	0.00011239744938371394 	0.00011361480898412913 	0.00011469943386924882 	0.00011397257601182133 	0.00011300016082237329 	0.00011427295013165947 	0.00011206025927237863
3290.0 	3290.0 	0.00011397257601182133 	3.7676105830498264e-06 	0.00011239744938371394 	0.00011361480898412913 	0.00011469943386924882 	0.00011397257601182133 	0.00011300016082237329 	0.00011427295013165947 	0.00011206025927237863
3290.0 	3290.0 	0.00010728121043328167 	6.453745712428164e-06 	0.00010355353009002815 	0.00010663938876863956 	0.00010628140084291063 	0.00010728121043328167 	0.00010759127086778956 	0.00010781453670874323 	0.0001068038406411706
3320.0 	3320.0 	0.00010728121043328167 	6.453745712428164e-06 	0.00010355353009002815 	0.00010663938876863956 	0.00010628140084291063 	0.00010728121043328167 	0.00010759127086778956 	0.00010781453670874323 	0.0001068038406411706
3320.0 	3320.0 	0.00011000106665415525 	2.5216823809267856e-07 	0.00010907943175278301 	0.00011004301537668254 	0.00011086068891559463 	0.00011000106665415525 	0.00010890682786950444 	0.00010997418095488995 	0.000107723048132099
3350.0 	3350.0 	0.00011000106665415525 	2.5216823809267856e-07 	0.00010907943175278301 	0.00011004301537668254 	0.00011086068891559463 	0.00011000106665415525 	0.00010890682786950444 	0.00010997418095488995 	0.000107723048132099
3350.0 	3350.0 	9.844827168301844e-05 	8.497237448377345e-06 	9.477572679068742e-05 	9.755187905475724e-05 	9.764038047558246e-05 	9.844827168301844e-05 	9.862441355351578e-05 	9.918589128754436e-05 	9.811790060266423e-05
3380.0 	3380.0 	9.844827168301844e-05 	8.497237448377345e-06 	9.477572679068742e-05 	9.755187905475724e-05 	9.764038047558246e-05 	9.844827168301844e-05 	9.862441355351578e-05 	9.918589128754436e-05 	9.811790060266423e-05
3380.0 	3380.0 	9.984168664890917e-05 	3.5838455883311997e-06 	9.928733044069469e-05 	9.958977844566303e-05 	0.00010120850127052316 	9.984168664890917e-05 	9.840023957867903e-05 	0.00010006742184151387 	9.756659339938533e-05
3410.0 	3410.0 	9.984168664890917e-05 	3.5838455883311997e-06 	9.928733044069469e-05 	9.958977844566303e-05 	0.00010120850127052316 	9.984168664890917e-05 	9.840023957867903e-05 	0.00010006742184151387 	9.756659339938533e-05
3410.0 	3410.0 	9.886244798697423e-05 	1.3684323033661174e-06 	9.767744327215072e-05 	9.868032350515498e-05 	9.957653501182606e-05 	9.886244798697423e-05 	9.786329860654855e-05 	9.900636631319337e-05 	9.692699594389951e-05
3440.0 	3440.0 	9.886244798697423e-05 	1.3684323033661174e-06 	9.767744327215072e-05 	9.868032350515498e-05 	9.957653501182606e-05 	9.886244798697423e-05 	9.786329860654855e-05 	9.900636631319337e-05 	9.692699594389951e-05
3440.0 	3440.0 	9.775230118026467e-05 	9.011645192116554e-07 	9.806081372589127e-05 	9.791749743025263e-05 	9.944176359085755e-05 	9.775230118026467e-05 	9.602819452049851e-05 	9.762672610919158e-05 	9.492861529096568e-05
3470.0 	3470.0 	9.775230118026467e-05 	9.011645192116554e-07 	9.806081372589127e-05 	9.791749743025263e-05 	9.944176359085755e-05 	9.775230118026467e-05 	9.602819452049851e-05 	9.762672610919158e-05 	9.492861529096568e-05
3470.0 	3470.0 	8.830919314048501e-05 	5.482709925477581e-06 	8.626207930776766e-05 	8.776621708395095e-05 	8.847555202311058e-05 	8.830919314048501e-05 	8.776590444829943e-05 	8.876076227116571e-05 	8.7166565054751e-05
3500.0 	3500.0 	8.830919314048501e-05 	5.482709925477581e-06 	8.626207930776766e-05 	8.776621708395095e-05 	8.847555202311058e-05 	8.830919314048501e-05 	8.776590444829943e-05 	8.876076227116571e-05 	8.7166565054751e-05
3500.0 	3500.0 	9.029439768792933e-05 	3.899564270424867e-07 	8.915868429358256e-05 	9.032179019435762e-05 	9.072437981164059e-05 	9.029439768792933e-05 	8.95152027396953e-05 	9.028107297558235e-05 	8.850455300524426e-05
3530.0 	3530.0 	9.029439768792933e-05 	3.899564270424867e-07 	8.915868429358256e-05 	9.032179019435762e-05 	9.072437981164059e-05 	9.029439768792933e-05 	8.95152027396953e-05 	9.028107297558235e-05 	8.850455300524426e-05
3530.0 	3530.0 	8.402137123908625e-05 	3.65045318916199e-06 	8.296585122932049e-05 	8.360630308981113e-05 	8.489668213091255e-05 	8.402137123908625e-05 	8.295418098833581e-05 	8.435815217757861e-05 	8.234069860741033e-05
3560.0 	3560.0 	8.402137123908625e-05 	3.65045318916199e-06 	8.296585122932049e-05 	8.360630308981113e-05 	8.489668213091255e-05 	8.402137123908625e-05 	8.295418098833581e-05 	8.435815217757861e-05 	8.234069860741033e-05
3560.0 	3560.0 	8.241072783131191e-05 	2.522859211263449e-06 	8.11020981999618e-05 	8.21427571216578e-05 	8.289310321061019e-05 	8.241072783131191e-05 	8.158173641945598e-05 	8.26305125942214e-05 	8.085504046827105e-05
3590.0 	3590.0 	8.241072783131191e-05 	2.522859211263449e-06 	8.11020981999618e-05 	8.21427571216578e-05 	8.289310321061019e-05 	8.241072783131191e-05 	8.158173641945598e-05 	8.26305125942214e-05 	8.085504046827105e-05
3590.0 	3590.0 	8.388764777953107e-05 	1.8372847734134977e-06 	8.358236814642695e-05 	8.420315950766034e-05 	8.46863641218469e-05 	8.388764777953107e-05 	8.283306777000192e-05 	8.364678895189977e-05 	8.170831235417303e-05
3620.0 	3620.0 	8.388764777953107e-05 	1.8372847734134977e-06 	8.358236814642695e-05 	8.420315950766034e-05 	8.46863641218469e-05 	8.388764777953107e-05 	8.283306777000192e-05 	8.364678895189977e-05 	8.170831235417303e-05
3620.0 	3620.0 	7.647099609791267e-05 	3.04246212489369e-06 	7.573428071083343e-05 	7.622489079557202e-05 	7.735528569733567e-05 	7.647099609791267e-05 	7.540043795139705e-05 	7.668482952538942e-05 	7.475573837623937e-05
3650.0 	3650.0 	7.647099609791267e-05 	3.04246212489369e-06 	7.573428071083343e-05 	7.622489079557202e-05 	7.735528569733567e-05 	7.647099609791267e-05 	7.540043795139705e-05 	7.668482952538942e-05 	7.475573837623937e-05
3650.0 	3650.0 	7.104806335645561e-05 	5.965944546407193e-06 	6.869348738887805e-05 	7.043696226821695e-05 	7.077613260313701e-05 	7.104806335645561e-05 	7.084539344911254e-05 	7.155291417245983e-05 	7.043538234434442e-05
3680.0 	3680.0 	7.104806335645561e-05 	5.965944546407193e-06 	6.869348738887805e-05 	7.043696226821695e-05 	7.077613260313701e-05 	7.104806335645561e-05 	7.084539344911254e-05 	7.155291417245983e-05 	7.043538234434442e-05
3680.0 	3680.0 	7.184919687998756e-05 	2.0373417843365075e-06 	7.033089566317732e-05 	7.166274254840451e-05 	7.190359761177934e-05 	7.184919687998756e-05 	7.136858781917266e-05 	7.200678606724865e-05 	7.066917256417986e-05
3710.0 	3710.0 	7.184919687998756e-05 	2.0373417843365075e-06 	7.033089566317732e-05 	7.166274254840451e-05 	7.190359761177934e-05 	7.184919687998756e-05 	7.136858781917266e-05 	7.200678606724865e-05 	7.066917256417986e-05
3710.0 	3710.0 	7.103072461729583e-05 	8.147027270348205e-07 	7.037656448213429e-05 	7.092640067776841e-05 	7.177221606969269e-05 	7.103072461729583e-05 	7.003667269816709e-05 	7.111233251539587e-05 	6.932232503607015e-05
3740.0 	3740.0 	7.103072461729583e-05 	8.147027270348205e-07 	7.037656448213429e-05 	7.092640067776841e-05 	7.177221606969269e-05 	7.103072461729583e-05 	7.003667269816709e-05 	7.111233251539587e-05 	6.932232503607015e-05
3740.0 	3740.0 	6.978338310541277e-05 	4.3022325664537563e-07 	6.964866293573136e-05 	6.985221239304924e-05 	7.079515447054287e-05 	6.978338310541277e-05 	6.857604625456484e-05 	6.973117651964478e-05 	6.777640360965662e-05
3770.0 	3770.0 	6.978338310541277e-05 	4.3022325664537563e-07 	6.964866293573136e-05 	6.985221239304924e-05 	7.079515447054287e-05 	6.978338310541277e-05 	6.857604625456484e-05 	6.973117651964478e-05 	6.777640360965662e-05
3770.0 	3770.0 	6.339083419363123e-05 	3.5862847699056764e-06 	6.149387920922061e-05 	6.305496535138555e-05 	6.314315892948654e-05 	6.339083419363123e-05 	6.31753619000392e-05 	6.367322014714555e-05 	6.264831103299355e-05
3800.0 	3800.0 	6.339083419363123e-05 	3.5862847699056764e-06 	6.149387920922061e-05 	6.305496535138555e-05 	6.314315892948654e-05 	6.339083419363123e-05 	6.31753619000392e-05 	6.367322014714555e-05 	6.264831103299355e-05
3800.0 	3800.0 	6.154590731399373e-05 	3.1736608162881885e-06 	5.9545034709143396e-05 	6.117368144251753e-05 	6.12103652814316e-05 	6.154590731399373e-05 	6.137055309856725e-05 	6.184601053246049e-05 	6.087792032198073e-05
3830.0 	3830.0 	6.154590731399373e-05 	3.1736608162881885e-06 	5.9545034709143396e-05 	6.117368144251753e-05 	6.12103652814316e-05 	6.154590731399373e-05 	6.137055309856725e-05 	6.184601053246049e-05 	6.087792032198073e-05
3830.0 	3830.0 	5.727159066688577e-05 	5.613678988317139e-06 	5.606663911229297e-05 	5.668025420663583e-05 	5.78221831251782e-05 	5.727159066688577e-05 	5.6466589389881475e-05 	5.775735097408551e-05 	5.623696906168602e-05
3860.0 	3860.0 	5.727159066688577e-05 	5.613678988317139e-06 	5.606663911229297e-05 	5.668025420663583e-05 	5.78221831251782e-05 	5.727159066688577e-05 	5.6466589389881475e-05 	5.775735097408551e-05 	5.623696906168602e-05
3860.0 	3860.0 	6.627583970841032e-05 	5.548545914164282e-06 	6.763941262907988e-05 	6.693314667261114e-05 	6.797983699530696e-05 	6.627583970841032e-05 	6.455500261990502e-05 	6.57464177212681e-05 	6.341795676933599e-05
3890.0 	3890.0 	6.627583970841032e-05 	5.548545914164282e-06 	6.763941262907988e-05 	6.693314667261114e-05 	6.797983699530696e-05 	6.627583970841032e-05 	6.455500261990502e-05 	6.57464177212681e-05 	6.341795676933599e-05
3890.0 	3890.0 	5.419539367855765e-05 	4.132418503282089e-06 	5.2744553154816435e-05 	5.383041351219339e-05 	5.4242170805715546e-05 	5.419539367855765e-05 	5.3780819810840744e-05 	5.4506622511485186e-05 	5.3397438446259215e-05
3920.0 	3920.0 	5.419539367855765e-05 	4.132418503282089e-06 	5.2744553154816435e-05 	5.383041351219339e-05 	5.4242170805715546e-05 	5.419539367855765e-05 	5.3780819810840744e-05 	5.4506622511485186e-05 	5.3397438446259215e-05
3920.0 	3920.0 	5.243007015263413e-05 	4.259932306260442e-06 	5.020500889505181e-05 	5.195295548837137e-05 	5.187695838508395e-05 	5.243007015263413e-05 	5.2420107206566124e-05 	5.281741567015276e-05 	5.2082748014564196e-05
3950.0 	3950.0 	5.243007015263413e-05 	4.259932306260442e-06 	5.020500889505181e-05 	5.195295548837137e-05 	5.187695838508395e-05 	5.243007015263413e-05 	5.2420107206566124e-05 	5.281741567015276e-05 	5.2082748014564196e-05
3950.0 	3950.0 	5.80977652523976e-05 	3.425999456844262e-06 	5.886152717131869e-05 	5.843699563222233e-05 	5.947025896602146e-05 	5.80977652523976e-05 	5.6636767703471735e-05 	5.781562891361538e-05 	5.578255027219366e-05
3980.0 	3980.0 	5.80977652523976e-05 	3.425999456844262e-06 	5.886152717131869e-05 	5.843699563222233e-05 	5.947025896602146e-05 	5.80977652523976e-05 	5.6636767703471735e-05 	5.781562891361538e-05 	5.578255027219366e-05
3980.0 	3980.0 	5.489083391986872e-05 	2.26236410051281e-06 	5.4886200996027225e-05 	5.517933238605283e-05 	5.5573904323939e-05 	5.489083391986872e-05 	5.396370000991625e-05 	5.466125577923245e-05 	5.3143911967181706e-05
4010.0 	4010.0 	5.489083391986872e-05 	2.26236410051281e-06 	5.4886200996027225e-05 	5.517933238605283e-05 	5.5573904323939e-05 	5.489083391986872e-05 	5.396370000991625e-05 	5.466125577923245e-05 	5.3143911967181706e-05
4010.0 	4010.0 	4.2534166037545674e-05 	8.396352884014372e-06 	3.944665936010296e-05 	4.1664454207858946e-05 	4.145910810975797e-05 	4.2534166037545674e-05 	4.296864232086541e-05 	4.3251351451333906e-05 	4.299160479600483e-05
4040.0 	4040.0 	4.2534166037545674e-05 	8.396352884014372e-06 	3.944665936010296e-05 	4.1664454207858946e-05 	4.145910810975797e-05 	4.2534166037545674e-05 	4.296864232086541e-05 	4.3251351451333906e-05 	4.299160479600483e-05
4040.0 	4040.0 	5.8594913040107524e-05 	9.277658329021555e-06 	6.123066666871026e-05 	5.9609428875773794e-05 	6.09631702058115e-05 	5.8594913040107524e-05 	5.6388072513631035e-05 	5.776663724363973e-05 	5.511489320916132e-05
4070.0 	4070.0 	5.8594913040107524e-05 	9.277658329021555e-06 	6.123066666871026e-05 	5.9609428875773794e-05 	6.09631702058115e-05 	5.8594913040107524e-05 	5.6388072513631035e-05 	5.776663724363973e-05 	5.511489320916132e-05
4070.0 	4070.0 	4.497869732086175e-05 	2.379858980203148e-06 	4.384984007422075e-05 	4.47792457031118e-05 	4.500645824051515e-05 	4.497869732086175e-05 	4.4576485880864725e-05 	4.5150636820069266e-05 	4.417103360797538e-05
4100.0 	4100.0 	4.497869732086175e-05 	2.379858980203148e-06 	4.384984007422075e-05 	4.47792457031118e-05 	4.500645824051515e-05 	4.497869732086175e-05 	4.4576485880864725e-05 	4.5150636820069266e-05 	4.417103360797538e-05
4115.0 	4115.0 	0.0012126665435885377 	1.4024715010726962e-05 	0.001200352013627055 	0.0012144241560840057 	0.0012252489876728228 	0.0012126665435885377 	0.001187369595212775 	0.0012112628972829533 	0.0011707921618548858
