500.0 	500.0 	0.0006639294626164548 	3.867354811372117e-05 	0.0006698475807228574 	0.000666131994930887 	0.0006686087208748864 	0.0006639294626164548 	0.0006644585336326762 	0.0006621826137805245 	0.0006612832837661295
530.0 	530.0 	0.0006639294626164548 	3.867354811372117e-05 	0.0006698475807228574 	0.000666131994930887 	0.0006686087208748864 	0.0006639294626164548 	0.0006644585336326762 	0.0006621826137805245 	0.0006612832837661295
530.0 	530.0 	0.0007041633555263603 	4.285726345774109e-05 	0.0007090541258170809 	0.0007060218082119217 	0.000708555090812227 	0.0007041633555263603 	0.0007053117378845396 	0.0007027048677909965 	0.0007021046694762842
560.0 	560.0 	0.0007041633555263603 	4.285726345774109e-05 	0.0007090541258170809 	0.0007060218082119217 	0.000708555090812227 	0.0007041633555263603 	0.0007053117378845396 	0.0007027048677909965 	0.0007021046694762842
560.0 	560.0 	0.0007302436602845872 	4.5793371711718074e-05 	0.0007340335832785237 	0.0007307587188488821 	0.0007351710201672853 	0.0007302436602845872 	0.0007312453506240809 	0.0007298633160637841 	0.0007288770867301382
590.0 	590.0 	0.0007302436602845872 	4.5793371711718074e-05 	0.0007340335832785237 	0.0007307587188488821 	0.0007351710201672853 	0.0007302436602845872 	0.0007312453506240809 	0.0007298633160637841 	0.0007288770867301382
590.0 	590.0 	0.0007422862125446949 	5.5348174180136005e-05 	0.0007414650135231139 	0.0007410045704239149 	0.0007449803785683554 	0.0007422862125446949 	0.0007456295323165018 	0.000743371064759493 	0.0007442808722528853
620.0 	620.0 	0.0007422862125446949 	5.5348174180136005e-05 	0.0007414650135231139 	0.0007410045704239149 	0.0007449803785683554 	0.0007422862125446949 	0.0007456295323165018 	0.000743371064759493 	0.0007442808722528853
620.0 	620.0 	0.0007728038838473775 	5.740270868218785e-05 	0.0007732279005159659 	0.0007718357034943867 	0.0007766408354275647 	0.0007728038838473775 	0.0007752762347002308 	0.000773620407453188 	0.0007735026498703877
650.0 	650.0 	0.0007728038838473775 	5.740270868218785e-05 	0.0007732279005159659 	0.0007718357034943867 	0.0007766408354275647 	0.0007728038838473775 	0.0007752762347002308 	0.000773620407453188 	0.0007735026498703877
650.0 	650.0 	0.0007911273749461579 	6.265415389861685e-05 	0.000790599798300928 	0.0007902592439746692 	0.000794286520076837 	0.0007911273749461579 	0.0007943057054621114 	0.0007918847378378446 	0.000792204047225077
680.0 	680.0 	0.0007911273749461579 	6.265415389861685e-05 	0.000790599798300928 	0.0007902592439746692 	0.000794286520076837 	0.0007911273749461579 	0.0007943057054621114 	0.0007918847378378446 	0.000792204047225077
680.0 	680.0 	0.000783435022742888 	7.380654441014826e-05 	0.0007788231372544445 	0.0007799737348408292 	0.0007855162735600589 	0.000783435022742888 	0.0007877612964648952 	0.0007862871219659592 	0.000787452395645663
710.0 	710.0 	0.000783435022742888 	7.380654441014826e-05 	0.0007788231372544445 	0.0007799737348408292 	0.0007855162735600589 	0.000783435022742888 	0.0007877612964648952 	0.0007862871219659592 	0.000787452395645663
710.0 	710.0 	0.0007962816473216974 	7.598705981420028e-05 	0.0007915578939632921 	0.0007931752880508637 	0.0007981809425131961 	0.0007962816473216974 	0.0008008067714366744 	0.0007988622537947158 	0.000800030921026901
740.0 	740.0 	0.0007962816473216974 	7.598705981420028e-05 	0.0007915578939632921 	0.0007931752880508637 	0.0007981809425131961 	0.0007962816473216974 	0.0008008067714366744 	0.0007988622537947158 	0.000800030921026901
740.0 	740.0 	0.000793807823685045 	8.385555690512164e-05 	0.0007859521750479483 	0.0007897601010280187 	0.0007939579011500069 	0.000793807823685045 	0.0007999221634621968 	0.0007971441519565277 	0.0007995971404995512
770.0 	770.0 	0.000793807823685045 	8.385555690512164e-05 	0.0007859521750479483 	0.0007897601010280187 	0.0007939579011500069 	0.000793807823685045 	0.0007999221634621968 	0.0007971441519565277 	0.0007995971404995512
770.0 	770.0 	0.000802583441965712 	8.455886910038412e-05 	0.0007961342074674851 	0.0007993664900071521 	0.000803431838307503 	0.000802583441965712 	0.0008081031079158603 	0.0008052652763598524 	0.0008070465930360134
800.0 	800.0 	0.000802583441965712 	8.455886910038412e-05 	0.0007961342074674851 	0.0007993664900071521 	0.000803431838307503 	0.000802583441965712 	0.0008081031079158603 	0.0008052652763598524 	0.0008070465930360134
800.0 	800.0 	0.0007921207553558341 	9.262645796779966e-05 	0.0007837592758947883 	0.0007877579924425674 	0.0007924550793925412 	0.0007921207553558341 	0.0007979608144880674 	0.0007957218580067084 	0.0007976712924861797
830.0 	830.0 	0.0007921207553558341 	9.262645796779966e-05 	0.0007837592758947883 	0.0007877579924425674 	0.0007924550793925412 	0.0007921207553558341 	0.0007979608144880674 	0.0007957218580067084 	0.0007976712924861797
830.0 	830.0 	0.0007808892733407557 	9.97583484751124e-05 	0.0007703247125643244 	0.0007756476491371014 	0.0007801852843566594 	0.0007808892733407557 	0.0007876097830311403 	0.0007852090080151344 	0.0007878518817352533
860.0 	860.0 	0.0007808892733407557 	9.97583484751124e-05 	0.0007703247125643244 	0.0007756476491371014 	0.0007801852843566594 	0.0007808892733407557 	0.0007876097830311403 	0.0007852090080151344 	0.0007878518817352533
860.0 	860.0 	0.0007814729203151045 	9.91349207340258e-05 	0.0007700507409750775 	0.0007769194350711763 	0.0007795173570611528 	0.0007814729203151045 	0.0007892417686075232 	0.0007852356219766722 	0.0007887374399006571
890.0 	890.0 	0.0007814729203151045 	9.91349207340258e-05 	0.0007700507409750775 	0.0007769194350711763 	0.0007795173570611528 	0.0007814729203151045 	0.0007892417686075232 	0.0007852356219766722 	0.0007887374399006571
890.0 	890.0 	0.0007721236111818909 	0.00010217171877298487 	0.000761605501510455 	0.0007670810116793875 	0.0007715415178627186 	0.0007721236111818909 	0.0007785961966756131 	0.0007762923152599906 	0.0007785328085321173
920.0 	920.0 	0.0007721236111818909 	0.00010217171877298487 	0.000761605501510455 	0.0007670810116793875 	0.0007715415178627186 	0.0007721236111818909 	0.0007785961966756131 	0.0007762923152599906 	0.0007785328085321173
920.0 	920.0 	0.0007666975744943812 	0.00010214165914677802 	0.0007559649296133627 	0.0007619734552764748 	0.0007657597944841511 	0.0007666975744943812 	0.0007733269225312408 	0.0007705999018614647 	0.0007729025892917298
950.0 	950.0 	0.0007666975744943812 	0.00010214165914677802 	0.0007559649296133627 	0.0007619734552764748 	0.0007657597944841511 	0.0007666975744943812 	0.0007733269225312408 	0.0007705999018614647 	0.0007729025892917298
950.0 	950.0 	0.0007440275869032275 	0.00011050399855458668 	0.0007288355378119395 	0.0007379402616570593 	0.0007403898159137137 	0.0007440275869032275 	0.0007528664724669383 	0.0007490535124142715 	0.0007533115003102182
980.0 	980.0 	0.0007440275869032275 	0.00011050399855458668 	0.0007288355378119395 	0.0007379402616570593 	0.0007403898159137137 	0.0007440275869032275 	0.0007528664724669383 	0.0007490535124142715 	0.0007533115003102182
980.0 	980.0 	0.0007509790302711952 	0.00010377768967775999 	0.0007396616623040543 	0.0007468276838023978 	0.0007491714564039698 	0.0007509790302711952 	0.000758112789036042 	0.0007544212234570646 	0.0007570754899125113
1010.0 	1010.0 	0.0007509790302711952 	0.00010377768967775999 	0.0007396616623040543 	0.0007468276838023978 	0.0007491714564039698 	0.0007509790302711952 	0.000758112789036042 	0.0007544212234570646 	0.0007570754899125113
1010.0 	1010.0 	0.000725136327180221 	0.00010984629726170418 	0.0007104320929126748 	0.0007191596090910478 	0.0007219963691751846 	0.000725136327180221 	0.0007333125709147886 	0.0007300740289636838 	0.0007336318533545989
1040.0 	1040.0 	0.000725136327180221 	0.00010984629726170418 	0.0007104320929126748 	0.0007191596090910478 	0.0007219963691751846 	0.000725136327180221 	0.0007333125709147886 	0.0007300740289636838 	0.0007336318533545989
1040.0 	1040.0 	0.0007303914982835174 	0.00010410644344875058 	0.0007182427173984475 	0.0007265127642611312 	0.0007277184493032368 	0.0007303914982835174 	0.0007379483821074291 	0.0007336014353699347 	0.0007365676654377315
1070.0 	1070.0 	0.0007303914982835174 	0.00010410644344875058 	0.0007182427173984475 	0.0007265127642611312 	0.0007277184493032368 	0.0007303914982835174 	0.0007379483821074291 	0.0007336014353699347 	0.0007365676654377315
1070.0 	1070.0 	0.0007002121931293854 	0.0001125115767577612 	0.0006846385917212176 	0.0006948897598772938 	0.0006957588021072196 	0.0007002121931293854 	0.0007091932735567226 	0.000704649533755714 	0.0007089199155312262
1100.0 	1100.0 	0.0007002121931293854 	0.0001125115767577612 	0.0006846385917212176 	0.0006948897598772938 	0.0006957588021072196 	0.0007002121931293854 	0.0007091932735567226 	0.000704649533755714 	0.0007089199155312262
1100.0 	1100.0 	0.0006702577194211098 	0.00012218647497223194 	0.0006521587831554281 	0.0006632939113252312 	0.0006650293042481316 	0.0006702577194211098 	0.0006798362536857402 	0.0006759728103483604 	0.0006807862046551809
1130.0 	1130.0 	0.0006702577194211098 	0.00012218647497223194 	0.0006521587831554281 	0.0006632939113252312 	0.0006650293042481316 	0.0006702577194211098 	0.0006798362536857402 	0.0006759728103483604 	0.0006807862046551809
1130.0 	1130.0 	0.0007099156573888801 	0.00010060055078331282 	0.0007003386679936636 	0.0007086436528622578 	0.0007072725951003988 	0.0007099156573888801 	0.0007168250496414877 	0.0007110363910634124 	0.0007134016951816844
1160.0 	1160.0 	0.0007099156573888801 	0.00010060055078331282 	0.0007003386679936636 	0.0007086436528622578 	0.0007072725951003988 	0.0007099156573888801 	0.0007168250496414877 	0.0007110363910634124 	0.0007134016951816844
1160.0 	1160.0 	0.0006372266553913832 	0.00012455662589854735 	0.0006169453984610627 	0.0006296773757685712 	0.0006305968723922783 	0.0006372266553913832 	0.0006475849748137077 	0.0006434402799663347 	0.000648957552859363
1190.0 	1190.0 	0.0006372266553913832 	0.00012455662589854735 	0.0006169453984610627 	0.0006296773757685712 	0.0006305968723922783 	0.0006372266553913832 	0.0006475849748137077 	0.0006434402799663347 	0.000648957552859363
1190.0 	1190.0 	0.0006453273725280413 	0.00011283233635096735 	0.0006287920424068204 	0.0006400416587691991 	0.0006400547717510379 	0.0006453273725280413 	0.0006543699463166408 	0.0006496960651115298 	0.0006540089284191458
1220.0 	1220.0 	0.0006453273725280413 	0.00011283233635096735 	0.0006287920424068204 	0.0006400416587691991 	0.0006400547717510379 	0.0006453273725280413 	0.0006543699463166408 	0.0006496960651115298 	0.0006540089284191458
1220.0 	1220.0 	0.00063847869846742 	0.0001088967568097303 	0.0006240885911269932 	0.0006341616427007488 	0.0006342537603901631 	0.00063847869846742 	0.0006464375756542276 	0.0006420547266719671 	0.0006454026178221316
1250.0 	1250.0 	0.00063847869846742 	0.0001088967568097303 	0.0006240885911269932 	0.0006341616427007488 	0.0006342537603901631 	0.00063847869846742 	0.0006464375756542276 	0.0006420547266719671 	0.0006454026178221316
1250.0 	1250.0 	0.0006093938207423507 	0.00011590949833404442 	0.0005900484808196753 	0.0006036807007385171 	0.000601947976296205 	0.0006093938207423507 	0.0006198939574960906 	0.0006141074370783062 	0.0006197917013570468
1280.0 	1280.0 	0.0006093938207423507 	0.00011590949833404442 	0.0005900484808196753 	0.0006036807007385171 	0.000601947976296205 	0.0006093938207423507 	0.0006198939574960906 	0.0006141074370783062 	0.0006197917013570468
1280.0 	1280.0 	0.000608320579123184 	0.00010715837699221585 	0.0005926303784996274 	0.0006037633172640653 	0.000603143162871464 	0.000608320579123184 	0.0006167250763696887 	0.0006120943540421995 	0.0006158680852188569
1310.0 	1310.0 	0.000608320579123184 	0.00010715837699221585 	0.0005926303784996274 	0.0006037633172640653 	0.000603143162871464 	0.000608320579123184 	0.0006167250763696887 	0.0006120943540421995 	0.0006158680852188569
1310.0 	1310.0 	0.0005863431891787072 	0.00011017171899336132 	0.0005688353048061733 	0.0005809738073919784 	0.0005802337482757984 	0.0005863431891787072 	0.0005954069010728047 	0.000590776317706507 	0.0005951798598045853
1340.0 	1340.0 	0.0005863431891787072 	0.00011017171899336132 	0.0005688353048061733 	0.0005809738073919784 	0.0005802337482757984 	0.0005863431891787072 	0.0005954069010728047 	0.000590776317706507 	0.0005951798598045853
1340.0 	1340.0 	0.0005827690192992242 	0.00010353415215223855 	0.0005662584915458071 	0.0005789130499217854 	0.0005761474127237799 	0.0005827690192992242 	0.0005921080811074748 	0.0005859874851779453 	0.0005906872689215832
1370.0 	1370.0 	0.0005827690192992242 	0.00010353415215223855 	0.0005662584915458071 	0.0005789130499217854 	0.0005761474127237799 	0.0005827690192992242 	0.0005921080811074748 	0.0005859874851779453 	0.0005906872689215832
1370.0 	1370.0 	0.0005649230726581835 	0.00010786641461646529 	0.0005496213019750165 	0.0005611094177774768 	0.0005592854126451102 	0.0005649230726581835 	0.0005732581397957785 	0.0005680918234786556 	0.0005719388689264756
1400.0 	1400.0 	0.0005649230726581835 	0.00010786641461646529 	0.0005496213019750165 	0.0005611094177774768 	0.0005592854126451102 	0.0005649230726581835 	0.0005732581397957785 	0.0005680918234786556 	0.0005719388689264756
1400.0 	1400.0 	0.0005501225372986291 	0.00010490656219787219 	0.000532688124106358 	0.0005457707124092867 	0.00054308081576762 	0.0005501225372986291 	0.0005594240077718405 	0.0005537239776468885 	0.0005584390211506522
1430.0 	1430.0 	0.0005501225372986291 	0.00010490656219787219 	0.000532688124106358 	0.0005457707124092867 	0.00054308081576762 	0.0005501225372986291 	0.0005594240077718405 	0.0005537239776468885 	0.0005584390211506522
1430.0 	1430.0 	0.0005410337046121988 	0.00010165440372295569 	0.0005264436989963826 	0.0005374249943497591 	0.0005358006295785611 	0.0005410337046121988 	0.0005487825076729373 	0.0005440585575898286 	0.0005474259449626528
1460.0 	1460.0 	0.0005410337046121988 	0.00010165440372295569 	0.0005264436989963826 	0.0005374249943497591 	0.0005358006295785611 	0.0005410337046121988 	0.0005487825076729373 	0.0005440585575898286 	0.0005474259449626528
1460.0 	1460.0 	0.0005274730652400668 	0.00010074109443699114 	0.0005113764868560783 	0.0005238791763344992 	0.0005208472801376618 	0.0005274730652400668 	0.000536182882294648 	0.0005304497541688344 	0.0005347228219249834
1490.0 	1490.0 	0.0005274730652400668 	0.00010074109443699114 	0.0005113764868560783 	0.0005238791763344992 	0.0005208472801376618 	0.0005274730652400668 	0.000536182882294648 	0.0005304497541688344 	0.0005347228219249834
1490.0 	1490.0 	0.0004948331037491743 	0.00010632785124498291 	0.00047461987325408576 	0.0004887551113937283 	0.00048673594895102824 	0.0004948331037491743 	0.0005046641827196288 	0.0004998434104303321 	0.0005051461604198003
1520.0 	1520.0 	0.0004948331037491743 	0.00010632785124498291 	0.00047461987325408576 	0.0004887551113937283 	0.00048673594895102824 	0.0004948331037491743 	0.0005046641827196288 	0.0004998434104303321 	0.0005051461604198003
1520.0 	1520.0 	0.0004994660660590612 	9.936514269059787e-05 	0.0004838153331859664 	0.0004962036009025334 	0.0004928148630741985 	0.0004994660660590612 	0.0005079016014058335 	0.0005021831321183176 	0.0005063197246825313
1550.0 	1550.0 	0.0004994660660590612 	9.936514269059787e-05 	0.0004838153331859664 	0.0004962036009025334 	0.0004928148630741985 	0.0004994660660590612 	0.0005079016014058335 	0.0005021831321183176 	0.0005063197246825313
1550.0 	1550.0 	0.0004813585742659525 	0.00010182940265354454 	0.0004656060521543388 	0.000478075405634802 	0.00047454289545986695 	0.0004813585742659525 	0.0004897514452197836 	0.00048410290689138516 	0.00048827803355021315
1580.0 	1580.0 	0.0004813585742659525 	0.00010182940265354454 	0.0004656060521543388 	0.000478075405634802 	0.00047454289545986695 	0.0004813585742659525 	0.0004897514452197836 	0.00048410290689138516 	0.00048827803355021315
1580.0 	1580.0 	0.0004613947324562741 	0.00010095675699579897 	0.00044368083229841845 	0.00045679125665790826 	0.0004540037177775466 	0.0004613947324562741 	0.00047016931012085 	0.0004652057530327116 	0.00046973432723326487
1610.0 	1610.0 	0.0004613947324562741 	0.00010095675699579897 	0.00044368083229841845 	0.00045679125665790826 	0.0004540037177775466 	0.0004613947324562741 	0.00047016931012085 	0.0004652057530327116 	0.00046973432723326487
1610.0 	1610.0 	0.00046618177689208503 	9.229043080828741e-05 	0.0004525929522376757 	0.0004637025496881278 	0.00046053822585245016 	0.00046618177689208503 	0.00047338328166200065 	0.0004682675929861942 	0.0004714139956702953
1640.0 	1640.0 	0.00046618177689208503 	9.229043080828741e-05 	0.0004525929522376757 	0.0004637025496881278 	0.00046053822585245016 	0.00046618177689208503 	0.00047338328166200065 	0.0004682675929861942 	0.0004714139956702953
1640.0 	1640.0 	0.000426232253253744 	0.0001036645933992681 	0.0004055530984380093 	0.00042084595316954496 	0.00041674037443826454 	0.000426232253253744 	0.00043654150106107195 	0.0004306650193978496 	0.00043670902423916896
1670.0 	1670.0 	0.000426232253253744 	0.0001036645933992681 	0.0004055530984380093 	0.00042084595316954496 	0.00041674037443826454 	0.000426232253253744 	0.00043654150106107195 	0.0004306650193978496 	0.00043670902423916896
1670.0 	1670.0 	0.000448893623503749 	8.64846240155337e-05 	0.00043641123905587665 	0.00044688143665481966 	0.00044374198593508124 	0.000448893623503749 	0.00045543518047674284 	0.00045058539430455324 	0.0004532082364028373
1700.0 	1700.0 	0.000448893623503749 	8.64846240155337e-05 	0.00043641123905587665 	0.00044688143665481966 	0.00044374198593508124 	0.000448893623503749 	0.00045543518047674284 	0.00045058539430455324 	0.0004532082364028373
1700.0 	1700.0 	0.00041082761082646125 	9.671381101944074e-05 	0.00039238333914040115 	0.0004066542576830859 	0.0004021437614971186 	0.00041082761082646125 	0.0004201911082085784 	0.0004142809950171129 	0.0004195635809132383
1730.0 	1730.0 	0.00041082761082646125 	9.671381101944074e-05 	0.00039238333914040115 	0.0004066542576830859 	0.0004021437614971186 	0.00041082761082646125 	0.0004201911082085784 	0.0004142809950171129 	0.0004195635809132383
1730.0 	1730.0 	0.0003988835897792471 	9.449711328781869e-05 	0.00038073995102753716 	0.00039451874753191024 	0.0003905932982737813 	0.0003988835897792471 	0.00040777761339987875 	0.00040247625735351483 	0.0004073754702297706
1760.0 	1760.0 	0.0003988835897792471 	9.449711328781869e-05 	0.00038073995102753716 	0.00039451874753191024 	0.0003905932982737813 	0.0003988835897792471 	0.00040777761339987875 	0.00040247625735351483 	0.0004073754702297706
1760.0 	1760.0 	0.000395066449891043 	8.985829702127759e-05 	0.0003788862739289917 	0.0003918178747099177 	0.00038745990930850484 	0.000395066449891043 	0.0004033101310718725 	0.0003977714762638234 	0.0004021431312264206
1790.0 	1790.0 	0.000395066449891043 	8.985829702127759e-05 	0.0003788862739289917 	0.0003918178747099177 	0.00038745990930850484 	0.000395066449891043 	0.0004033101310718725 	0.0003977714762638234 	0.0004021431312264206
1790.0 	1790.0 	0.00038444013061332376 	8.80095386107712e-05 	0.0003680625720162894 	0.00038111948610935076 	0.00037667141973889596 	0.00038444013061332376 	0.000392676799445125 	0.00038720524971710274 	0.0003916126726639718
1820.0 	1820.0 	0.00038444013061332376 	8.80095386107712e-05 	0.0003680625720162894 	0.00038111948610935076 	0.00037667141973889596 	0.00038444013061332376 	0.000392676799445125 	0.00038720524971710274 	0.0003916126726639718
1820.0 	1820.0 	0.00037802249049457084 	8.458441979987321e-05 	0.00036225586229511717 	0.00037526334400778843 	0.0003702517651524354 	0.00037802249049457084 	0.00038616551843331163 	0.00038032750503241375 	0.00038469291232077357
1850.0 	1850.0 	0.00037802249049457084 	8.458441979987321e-05 	0.00036225586229511717 	0.00037526334400778843 	0.0003702517651524354 	0.00037802249049457084 	0.00038616551843331163 	0.00038032750503241375 	0.00038469291232077357
1850.0 	1850.0 	0.00037390451061951346 	7.987937485733191e-05 	0.0003592929303724607 	0.00037156471150289654 	0.0003667362998426019 	0.00037390451061951346 	0.0003813755902418078 	0.00037585662264714764 	0.0003796580803020956
1880.0 	1880.0 	0.00037390451061951346 	7.987937485733191e-05 	0.0003592929303724607 	0.00037156471150289654 	0.0003667362998426019 	0.00037390451061951346 	0.0003813755902418078 	0.00037585662264714764 	0.0003796580803020956
1880.0 	1880.0 	0.000340454096134412 	8.960460892984672e-05 	0.00032172412217009783 	0.00033629922899947186 	0.000331106923112555 	0.000340454096134412 	0.00034968642181036906 	0.0003438891585528813 	0.00034938112913090167
1910.0 	1910.0 	0.000340454096134412 	8.960460892984672e-05 	0.00032172412217009783 	0.00033629922899947186 	0.000331106923112555 	0.000340454096134412 	0.00034968642181036906 	0.0003438891585528813 	0.00034938112913090167
1910.0 	1910.0 	0.0003597749843660615 	7.47611126201518e-05 	0.00034722758419044355 	0.00035818792045994735 	0.00035367453302263054 	0.0003597749843660615 	0.0003662040817642528 	0.00036109169955310155 	0.00036404371474686584
1940.0 	1940.0 	0.0003597749843660615 	7.47611126201518e-05 	0.00034722758419044355 	0.00035818792045994735 	0.00035367453302263054 	0.0003597749843660615 	0.0003662040817642528 	0.00036109169955310155 	0.00036404371474686584
1940.0 	1940.0 	0.00033730346635218387 	7.921669230239963e-05 	0.0003230372031187253 	0.00033513556383741314 	0.00033004904083590243 	0.00033730346635218387 	0.000344571417927416 	0.000339130300787016 	0.0003429459710664139
1970.0 	1970.0 	0.00033730346635218387 	7.921669230239963e-05 	0.0003230372031187253 	0.00033513556383741314 	0.00033004904083590243 	0.00033730346635218387 	0.000344571417927416 	0.000339130300787016 	0.0003429459710664139
1970.0 	1970.0 	0.00031699712289220635 	8.215833080465428e-05 	0.0003007480340942784 	0.0003137805536177402 	0.00030884168277953985 	0.00031699712289220635 	0.0003250474517184685 	0.00031966729622507224 	0.0003242468545061265
2000.0 	2000.0 	0.00031699712289220635 	8.215833080465428e-05 	0.0003007480340942784 	0.0003137805536177402 	0.00030884168277953985 	0.00031699712289220635 	0.0003250474517184685 	0.00031966729622507224 	0.0003242468545061265
2000.0 	2000.0 	0.0003058600291830254 	7.986911694712724e-05 	0.00028937847988631706 	0.0003021408696527892 	0.0002979058938062671 	0.0003058600291830254 	0.0003135450187344244 	0.00030894273287141285 	0.0003132243679451098
2030.0 	2030.0 	0.0003058600291830254 	7.986911694712724e-05 	0.00028937847988631706 	0.0003021408696527892 	0.0002979058938062671 	0.0003058600291830254 	0.0003135450187344244 	0.00030894273287141285 	0.0003132243679451098
2030.0 	2030.0 	0.00032532693759182733 	7.08736335218688e-05 	0.00031410287787765666 	0.00032485540036408225 	0.00031911823981701414 	0.00032532693759182733 	0.00033146540498653836 	0.00032574657747479294 	0.00032867571757847294
2060.0 	2060.0 	0.00032532693759182733 	7.08736335218688e-05 	0.00031410287787765666 	0.00032485540036408225 	0.00031911823981701414 	0.00032532693759182733 	0.00033146540498653836 	0.00032574657747479294 	0.00032867571757847294
2060.0 	2060.0 	0.00030227379901895596 	6.99581620309051e-05 	0.0002883924342765199 	0.00030004976926538483 	0.0002952089293366614 	0.00030227379901895596 	0.00030910836281043257 	0.0003041179387645149 	0.0003077143368466585
2090.0 	2090.0 	0.00030227379901895596 	6.99581620309051e-05 	0.0002883924342765199 	0.00030004976926538483 	0.0002952089293366614 	0.00030227379901895596 	0.00030910836281043257 	0.0003041179387645149 	0.0003077143368466585
2090.0 	2090.0 	0.00029002568069446376 	6.91163974716108e-05 	0.00027475024892248244 	0.00028735131959167266 	0.0002820589129564739 	0.00029002568069446376 	0.00029746304897117773 	0.0002922406242251451 	0.0002964287751291409
2120.0 	2120.0 	0.00029002568069446376 	6.91163974716108e-05 	0.00027475024892248244 	0.00028735131959167266 	0.0002820589129564739 	0.00029002568069446376 	0.00029746304897117773 	0.0002922406242251451 	0.0002964287751291409
2120.0 	2120.0 	0.0002835797261646128 	6.735194299551765e-05 	0.0002701628145277426 	0.00028131210432824085 	0.0002768476120437435 	0.0002835797261646128 	0.000289943369819039 	0.00028546495641350035 	0.0002887354018562614
2150.0 	2150.0 	0.0002835797261646128 	6.735194299551765e-05 	0.0002701628145277426 	0.00028131210432824085 	0.0002768476120437435 	0.0002835797261646128 	0.000289943369819039 	0.00028546495641350035 	0.0002887354018562614
2150.0 	2150.0 	0.0002721635248270412 	6.81685059231479e-05 	0.00025882077746745044 	0.00026996399175798527 	0.00026535062468795677 	0.0002721635248270412 	0.00027854820238332244 	0.0002739938868436376 	0.00027735410353003107
2180.0 	2180.0 	0.0002721635248270412 	6.81685059231479e-05 	0.00025882077746745044 	0.00026996399175798527 	0.00026535062468795677 	0.0002721635248270412 	0.00027854820238332244 	0.0002739938868436376 	0.00027735410353003107
2180.0 	2180.0 	0.0002632947695302001 	6.753009854389171e-05 	0.00024862054950283935 	0.0002609227185168025 	0.0002553658935227827 	0.0002632947695302001 	0.00027051683529102585 	0.00026524748456562594 	0.0002694249232122985
2210.0 	2210.0 	0.0002632947695302001 	6.753009854389171e-05 	0.00024862054950283935 	0.0002609227185168025 	0.0002553658935227827 	0.0002632947695302001 	0.00027051683529102585 	0.00026524748456562594 	0.0002694249232122985
2210.0 	2210.0 	0.0002684784781439192 	6.0628992502423545e-05 	0.00025721509523026485 	0.000267449600857653 	0.00026236395982082985 	0.0002684784781439192 	0.0002740918012229047 	0.000269353290057817 	0.00027210501136048723
2240.0 	2240.0 	0.0002684784781439192 	6.0628992502423545e-05 	0.00025721509523026485 	0.000267449600857653 	0.00026236395982082985 	0.0002684784781439192 	0.0002740918012229047 	0.000269353290057817 	0.00027210501136048723
2240.0 	2240.0 	0.00025863116581156283 	6.109957782561752e-05 	0.00024817212797479684 	0.0002576154059083572 	0.00025315993428252383 	0.00025863116581156283 	0.000263718315617629 	0.00025949398992890726 	0.00026182398843081447
2270.0 	2270.0 	0.00025863116581156283 	6.109957782561752e-05 	0.00024817212797479684 	0.0002576154059083572 	0.00025315993428252383 	0.00025863116581156283 	0.000263718315617629 	0.00025949398992890726 	0.00026182398843081447
2270.0 	2270.0 	0.0002570993740502832 	5.8577952031893836e-05 	0.0002471359666098829 	0.00025661988221016585 	0.00025154383675357215 	0.0002570993740502832 	0.0002621015867020767 	0.0002575148617217085 	0.00025980616004652346
2300.0 	2300.0 	0.0002570993740502832 	5.8577952031893836e-05 	0.0002471359666098829 	0.00025661988221016585 	0.00025154383675357215 	0.0002570993740502832 	0.0002621015867020767 	0.0002575148617217085 	0.00025980616004652346
2300.0 	2300.0 	0.0002238034128023421 	6.467471529779974e-05 	0.00020890586154023675 	0.00022063912055354858 	0.0002161465154854579 	0.0002238034128023421 	0.00023057293427574164 	0.0002264279134249372 	0.0002303856716107182
2330.0 	2330.0 	0.0002238034128023421 	6.467471529779974e-05 	0.00020890586154023675 	0.00022063912055354858 	0.0002161465154854579 	0.0002238034128023421 	0.00023057293427574164 	0.0002264279134249372 	0.0002303856716107182
2330.0 	2330.0 	0.0002447942963934248 	5.5365702463920484e-05 	0.00023529604733753262 	0.0002445835592442215 	0.00023929885705338815 	0.0002447942963934248 	0.00024967061509599103 	0.0002449862719911504 	0.0002472574130900092
2360.0 	2360.0 	0.0002447942963934248 	5.5365702463920484e-05 	0.00023529604733753262 	0.0002445835592442215 	0.00023929885705338815 	0.0002447942963934248 	0.00024967061509599103 	0.0002449862719911504 	0.0002472574130900092
2360.0 	2360.0 	0.0001949938541575327 	7.102150393148168e-05 	0.00017487507090406052 	0.00019028497015247543 	0.00018390994380995044 	0.0001949938541575327 	0.00020433288240862118 	0.00019886060604678787 	0.0002052518147627246
2390.0 	2390.0 	0.0001949938541575327 	7.102150393148168e-05 	0.00017487507090406052 	0.00019028497015247543 	0.00018390994380995044 	0.0001949938541575327 	0.00020433288240862118 	0.00019886060604678787 	0.0002052518147627246
2390.0 	2390.0 	0.00024393723168873765 	5.4993515559417146e-05 	0.00023858567861124113 	0.0002454698702258812 	0.00024048043705644166 	0.00024393723168873765 	0.0002470564952225708 	0.0002427248468321099 	0.00024349769518601148
2420.0 	2420.0 	0.00024393723168873765 	5.4993515559417146e-05 	0.00023858567861124113 	0.0002454698702258812 	0.00024048043705644166 	0.00024393723168873765 	0.0002470564952225708 	0.0002427248468321099 	0.00024349769518601148
2420.0 	2420.0 	0.00020597121566652665 	5.5032266381996394e-05 	0.00019274716375052085 	0.00020373123218697163 	0.00019879561287053902 	0.00020597121566652665 	0.00021207958711784967 	0.00020782025305466996 	0.00021133574274510847
2450.0 	2450.0 	0.00020597121566652665 	5.5032266381996394e-05 	0.00019274716375052085 	0.00020373123218697163 	0.00019879561287053902 	0.00020597121566652665 	0.00021207958711784967 	0.00020782025305466996 	0.00021133574274510847
2450.0 	2450.0 	0.0002012021549568381 	5.278724512881824e-05 	0.00018939705215218074 	0.00019926117162776083 	0.00019495964016404024 	0.0002012021549568381 	0.00020651530341116799 	0.00020280816077418955 	0.0002056580502766323
2480.0 	2480.0 	0.0002012021549568381 	5.278724512881824e-05 	0.00018939705215218074 	0.00019926117162776083 	0.00019495964016404024 	0.0002012021549568381 	0.00020651530341116799 	0.00020280816077418955 	0.0002056580502766323
2480.0 	2480.0 	0.00018845929421232126 	5.610480871504095e-05 	0.0001754631482589637 	0.00018629043407571258 	0.00018123603176014 	0.00018845929421232126 	0.00019453396420125545 	0.0001902527358466819 	0.00019388173101059274
2510.0 	2510.0 	0.00018845929421232126 	5.610480871504095e-05 	0.0001754631482589637 	0.00018629043407571258 	0.00018123603176014 	0.00018845929421232126 	0.00019453396420125545 	0.0001902527358466819 	0.00019388173101059274
2510.0 	2510.0 	0.00018493535790856092 	5.466135374625447e-05 	0.0001731626702326216 	0.00018313938702887176 	0.00017841791619664212 	0.00018493535790856092 	0.00019038015542527321 	0.00018642264637766737 	0.00018952656327232977
2540.0 	2540.0 	0.00018493535790856092 	5.466135374625447e-05 	0.0001731626702326216 	0.00018313938702887176 	0.00017841791619664212 	0.00018493535790856092 	0.00019038015542527321 	0.00018642264637766737 	0.00018952656327232977
2540.0 	2540.0 	0.00020114238049817682 	4.963507096609118e-05 	0.00019482059747107344 	0.00020175235254661297 	0.0001973089099501635 	0.00020114238049817682 	0.00020435979112012388 	0.000200674511831943 	0.0002017954629653064
2570.0 	2570.0 	0.00020114238049817682 	4.963507096609118e-05 	0.00019482059747107344 	0.00020175235254661297 	0.0001973089099501635 	0.00020114238049817682 	0.00020435979112012388 	0.000200674511831943 	0.0002017954629653064
2570.0 	2570.0 	0.00016917048881390294 	5.224974162638341e-05 	0.00015538190563386375 	0.00016646142741009575 	0.00016162271029720792 	0.00016917048881390294 	0.00017534002976864424 	0.00017139831305850928 	0.00017519585343231817
2600.0 	2600.0 	0.00016917048881390294 	5.224974162638341e-05 	0.00015538190563386375 	0.00016646142741009575 	0.00016162271029720792 	0.00016917048881390294 	0.00017534002976864424 	0.00017139831305850928 	0.00017519585343231817
2600.0 	2600.0 	0.00019178901254949222 	4.495605583040639e-05 	0.00018482540777994225 	0.0001923183315185681 	0.00018740000021850707 	0.00019178901254949222 	0.00019534196903911525 	0.0001913728792431754 	0.00019284361994450957
2630.0 	2630.0 	0.00019178901254949222 	4.495605583040639e-05 	0.00018482540777994225 	0.0001923183315185681 	0.00018740000021850707 	0.00019178901254949222 	0.00019534196903911525 	0.0001913728792431754 	0.00019284361994450957
2630.0 	2630.0 	0.00017393253221588694 	4.539359409215339e-05 	0.00016421710298219659 	0.00017338633412924368 	0.00016793798678342635 	0.00017393253221588694 	0.00017878982193253259 	0.00017440577687207192 	0.000177134108779401
2660.0 	2660.0 	0.00017393253221588694 	4.539359409215339e-05 	0.00016421710298219659 	0.00017338633412924368 	0.00016793798678342635 	0.00017393253221588694 	0.00017878982193253259 	0.00017440577687207192 	0.000177134108779401
2660.0 	2660.0 	0.00017032978732938462 	4.1029001771438325e-05 	0.00016084004857735062 	0.0001694488422791186 	0.00016486220834393913 	0.00017032978732938462 	0.0001746838363835167 	0.0001710565251453293 	0.00017331560489193028
2690.0 	2690.0 	0.00017032978732938462 	4.1029001771438325e-05 	0.00016084004857735062 	0.0001694488422791186 	0.00016486220834393913 	0.00017032978732938462 	0.0001746838363835167 	0.0001710565251453293 	0.00017331560489193028
2690.0 	2690.0 	0.0001528488144867474 	4.5426632165379474e-05 	0.00014068545376268572 	0.00015105784980741583 	0.0001456947489073007 	0.0001528488144867474 	0.0001585417908206852 	0.0001543352536096219 	0.00015788577400590038
2720.0 	2720.0 	0.0001528488144867474 	4.5426632165379474e-05 	0.00014068545376268572 	0.00015105784980741583 	0.0001456947489073007 	0.0001528488144867474 	0.0001585417908206852 	0.0001543352536096219 	0.00015788577400590038
2720.0 	2720.0 	0.00014431642620486347 	4.670969777714489e-05 	0.00013301269968236864 	0.00014226325065203234 	0.00013810656936978264 	0.00014431642620486347 	0.00014925983625027538 	0.00014600922253139132 	0.0001489290977904708
2750.0 	2750.0 	0.00014431642620486347 	4.670969777714489e-05 	0.00013301269968236864 	0.00014226325065203234 	0.00013810656936978264 	0.00014431642620486347 	0.00014925983625027538 	0.00014600922253139132 	0.0001489290977904708
2750.0 	2750.0 	0.00015698272422578108 	3.859501261384447e-05 	0.00014767591541057715 	0.00015657840309437037 	0.00015106871580730102 	0.00015698272422578108 	0.00016155925484287226 	0.00015733137860266644 	0.00015993159258748102
2780.0 	2780.0 	0.00015698272422578108 	3.859501261384447e-05 	0.00014767591541057715 	0.00015657840309437037 	0.00015106871580730102 	0.00015698272422578108 	0.00016155925484287226 	0.00015733137860266644 	0.00015993159258748102
2780.0 	2780.0 	0.00015592267984231495 	4.022526160324738e-05 	0.00015125512414271156 	0.00015631922161424313 	0.00015337243222805595 	0.00015592267984231495 	0.0001579248938034788 	0.00015563121968775558 	0.00015595729177337052
2810.0 	2810.0 	0.00015592267984231495 	4.022526160324738e-05 	0.00015125512414271156 	0.00015631922161424313 	0.00015337243222805595 	0.00015592267984231495 	0.0001579248938034788 	0.00015563121968775558 	0.00015595729177337052
2810.0 	2810.0 	0.00011821447766437166 	5.1100157598219944e-05 	0.00010312445789857908 	0.00011538741520532631 	0.0001090913165326236 	0.00011821447766437166 	0.00012534581340127978 	0.00012052631038962351 	0.00012559303869851327
2840.0 	2840.0 	0.00011821447766437166 	5.1100157598219944e-05 	0.00010312445789857908 	0.00011538741520532631 	0.0001090913165326236 	0.00011821447766437166 	0.00012534581340127978 	0.00012052631038962351 	0.00012559303869851327
2840.0 	2840.0 	0.00015150830211152003 	3.64890237815476e-05 	0.00014656151104423018 	0.00015218158842240465 	0.00014839936230731616 	0.00015150830211152003 	0.00015385840527335761 	0.00015098111989055125 	0.00015167195370699077
2870.0 	2870.0 	0.00015150830211152003 	3.64890237815476e-05 	0.00014656151104423018 	0.00015218158842240465 	0.00014839936230731616 	0.00015150830211152003 	0.00015385840527335761 	0.00015098111989055125 	0.00015167195370699077
2870.0 	2870.0 	0.0001230733274472676 	3.9837281006661366e-05 	0.00011178555112830067 	0.00012103335103212765 	0.00011666928327080914 	0.0001230733274472676 	0.00012803444170741954 	0.00012474868156907775 	0.00012783971633461777
2900.0 	2900.0 	0.0001230733274472676 	3.9837281006661366e-05 	0.00011178555112830067 	0.00012103335103212765 	0.00011666928327080914 	0.0001230733274472676 	0.00012803444170741954 	0.00012474868156907775 	0.00012783971633461777
2900.0 	2900.0 	0.00013273590891929208 	3.745935611873917e-05 	0.00012591477151457846 	0.00013267701354911261 	0.00012846534755758324 	0.00013273590891929208 	0.00013596078620898013 	0.0001327983454066694 	0.0001343874204020042
2930.0 	2930.0 	0.00013273590891929208 	3.745935611873917e-05 	0.00012591477151457846 	0.00013267701354911261 	0.00012846534755758324 	0.00013273590891929208 	0.00013596078620898013 	0.0001327983454066694 	0.0001343874204020042
2930.0 	2930.0 	0.00013029734477730846 	3.511364380212163e-05 	0.00012354844234782622 	0.00013023148948783738 	0.00012607539527145705 	0.00013029734477730846 	0.00013337277028666722 	0.00013035953242405068 	0.00013183117436920864
2960.0 	2960.0 	0.00013029734477730846 	3.511364380212163e-05 	0.00012354844234782622 	0.00013023148948783738 	0.00012607539527145705 	0.00013029734477730846 	0.00013337277028666722 	0.00013035953242405068 	0.00013183117436920864
2960.0 	2960.0 	0.00011476090907469084 	3.703211275730559e-05 	0.0001047259941866393 	0.00011371564732250245 	0.0001083753763635569 	0.00011476090907469084 	0.00011961978390014528 	0.00011564306783595969 	0.00011879902779210953
2990.0 	2990.0 	0.00011476090907469084 	3.703211275730559e-05 	0.0001047259941866393 	0.00011371564732250245 	0.0001083753763635569 	0.00011476090907469084 	0.00011961978390014528 	0.00011564306783595969 	0.00011879902779210953
2990.0 	2990.0 	0.00013377412747778538 	3.1176341005317355e-05 	0.0001296703544718416 	0.00013458588397232486 	0.00013111176493128688 	0.00013377412747778538 	0.00013559378292480508 	0.0001331088289793793 	0.00013346580412849576
3020.0 	3020.0 	0.00013377412747778538 	3.1176341005317355e-05 	0.0001296703544718416 	0.00013458588397232486 	0.00013111176493128688 	0.00013377412747778538 	0.00013559378292480508 	0.0001331088289793793 	0.00013346580412849576
3020.0 	3020.0 	0.00010934740833838837 	3.323256298671633e-05 	0.00010139679423746441 	0.0001082614065022856 	0.00010484655801879975 	0.00010934740833838837 	0.00011269557891222816 	0.00011025181749566427 	0.00011206072961691876
3050.0 	3050.0 	0.00010934740833838837 	3.323256298671633e-05 	0.00010139679423746441 	0.0001082614065022856 	0.00010484655801879975 	0.00010934740833838837 	0.00011269557891222816 	0.00011025181749566427 	0.00011206072961691876
3050.0 	3050.0 	9.942091812245224e-05 	3.636108304226837e-05 	8.944768888332072e-05 	9.793088493917205e-05 	9.337087547438493e-05 	9.942091812245224e-05 	0.00010398322925007073 	0.00010065086303227721 	0.00010363142224091226
3080.0 	3080.0 	9.942091812245224e-05 	3.636108304226837e-05 	8.944768888332072e-05 	9.793088493917205e-05 	9.337087547438493e-05 	9.942091812245224e-05 	0.00010398322925007073 	0.00010065086303227721 	0.00010363142224091226
3080.0 	3080.0 	0.00010876979956619144 	3.1780004875431185e-05 	0.00010172964218469793 	0.00010858852334910204 	0.00010416405816354348 	0.00010876979956619144 	0.0001120953118893539 	0.00010892413706708541 	0.00011079540173790806
3110.0 	3110.0 	0.00010876979956619144 	3.1780004875431185e-05 	0.00010172964218469793 	0.00010858852334910204 	0.00010416405816354348 	0.00010876979956619144 	0.0001120953118893539 	0.00010892413706708541 	0.00011079540173790806
3110.0 	3110.0 	0.00011392875487263923 	3.2388106973602986e-05 	0.00011052014901256408 	0.00011497437592876387 	0.00011141594704198839 	0.00011392875487263923 	0.00011557340883300102 	0.00011310423525560563 	0.00011349885612022666
3140.0 	3140.0 	0.00011392875487263923 	3.2388106973602986e-05 	0.00011052014901256408 	0.00011497437592876387 	0.00011141594704198839 	0.00011392875487263923 	0.00011557340883300102 	0.00011310423525560563 	0.00011349885612022666
3140.0 	3140.0 	8.017189568559962e-05 	3.803495269003882e-05 	6.795334240782507e-05 	7.739706523402487e-05 	7.318488051572386e-05 	8.017189568559962e-05 	8.543772966628699e-05 	8.243529467780309e-05 	8.611422417191911e-05
3170.0 	3170.0 	8.017189568559962e-05 	3.803495269003882e-05 	6.795334240782507e-05 	7.739706523402487e-05 	7.318488051572386e-05 	8.017189568559962e-05 	8.543772966628699e-05 	8.243529467780309e-05 	8.611422417191911e-05
3170.0 	3170.0 	9.0077029429917e-05 	3.196915035682658e-05 	8.160425589510681e-05 	8.913398601182842e-05 	8.4724128147534e-05 	9.0077029429917e-05 	9.398482649082947e-05 	9.085000729166414e-05 	9.335888918985414e-05
3200.0 	3200.0 	9.0077029429917e-05 	3.196915035682658e-05 	8.160425589510681e-05 	8.913398601182842e-05 	8.4724128147534e-05 	9.0077029429917e-05 	9.398482649082947e-05 	9.085000729166414e-05 	9.335888918985414e-05
3200.0 	3200.0 	9.484062824043088e-05 	2.7630654595533382e-05 	8.72785186282217e-05 	9.443429297799225e-05 	8.9838738967445e-05 	9.484062824043088e-05 	9.83830971423574e-05 	9.516662436291731e-05 	9.73356420267587e-05
3230.0 	3230.0 	9.484062824043088e-05 	2.7630654595533382e-05 	8.72785186282217e-05 	9.443429297799225e-05 	8.9838738967445e-05 	9.484062824043088e-05 	9.83830971423574e-05 	9.516662436291731e-05 	9.73356420267587e-05
3230.0 	3230.0 	0.00010006118942720537 	2.3548005856434538e-05 	9.560709582262124e-05 	0.00010041438194344026 	9.717039083869164e-05 	0.00010006118942720537 	0.00010197838906677922 	9.97971272487491e-05 	0.00010048930134453501
3260.0 	3260.0 	0.00010006118942720537 	2.3548005856434538e-05 	9.560709582262124e-05 	0.00010041438194344026 	9.717039083869164e-05 	0.00010006118942720537 	0.00010197838906677922 	9.97971272487491e-05 	0.00010048930134453501
3260.0 	3260.0 	8.94380619892649e-05 	2.4822112477154866e-05 	8.328703060271012e-05 	8.90802949615727e-05 	8.558901508824498e-05 	8.94380619892649e-05 	9.209342219147496e-05 	8.973843610910304e-05 	9.11535206414803e-05
3290.0 	3290.0 	8.94380619892649e-05 	2.4822112477154866e-05 	8.328703060271012e-05 	8.90802949615727e-05 	8.558901508824498e-05 	8.94380619892649e-05 	9.209342219147496e-05 	8.973843610910304e-05 	9.11535206414803e-05
3290.0 	3290.0 	8.318792515381447e-05 	2.4942678871333693e-05 	7.505489579153248e-05 	8.254610348917236e-05 	7.778276654441496e-05 	8.318792515381447e-05 	8.699958859395568e-05 	8.372125142927602e-05 	8.621215836733672e-05
3320.0 	3320.0 	8.318792515381447e-05 	2.4942678871333693e-05 	7.505489579153248e-05 	8.254610348917236e-05 	7.778276654441496e-05 	8.318792515381447e-05 	8.699958859395568e-05 	8.372125142927602e-05 	8.621215836733672e-05
3320.0 	3320.0 	8.599710222021738e-05 	2.4005288945689794e-05 	8.06874418205472e-05 	8.603905094274467e-05 	8.246869898335882e-05 	8.599710222021738e-05 	8.839192523872201e-05 	8.597021652095209e-05 	8.720814550131657e-05
3350.0 	3350.0 	8.599710222021738e-05 	2.4005288945689794e-05 	8.06874418205472e-05 	8.603905094274467e-05 	8.246869898335882e-05 	8.599710222021738e-05 	8.839192523872201e-05 	8.597021652095209e-05 	8.720814550131657e-05
3350.0 	3350.0 	7.427991497496725e-05 	2.5618596960444748e-05 	6.613861403819272e-05 	7.338352234670606e-05 	6.900326772308776e-05 	7.427991497496725e-05 	7.799748940912516e-05 	7.501753457949317e-05 	7.74909764582736e-05
3380.0 	3380.0 	7.427991497496725e-05 	2.5618596960444748e-05 	6.613861403819272e-05 	7.338352234670606e-05 	6.900326772308776e-05 	7.427991497496725e-05 	7.799748940912516e-05 	7.501753457949317e-05 	7.74909764582736e-05
3380.0 	3380.0 	7.46953149083798e-05 	2.5400471667154035e-05 	6.946773270833028e-05 	7.444340670513366e-05 	7.138890353815875e-05 	7.46953149083798e-05 	7.694998070092554e-05 	7.49210501009845e-05 	7.611633452163185e-05
3410.0 	3410.0 	7.46953149083798e-05 	2.5400471667154035e-05 	6.946773270833028e-05 	7.444340670513366e-05 	7.138890353815875e-05 	7.46953149083798e-05 	7.694998070092554e-05 	7.49210501009845e-05 	7.611633452163185e-05
3410.0 	3410.0 	7.86231067621044e-05 	2.028555003409105e-05 	7.360970627157388e-05 	7.844098228028515e-05 	7.550879801124921e-05 	7.86231067621044e-05 	8.065206695934794e-05 	7.876702508832354e-05 	7.971576429669889e-05
3440.0 	3440.0 	7.86231067621044e-05 	2.028555003409105e-05 	7.360970627157388e-05 	7.844098228028515e-05 	7.550879801124921e-05 	7.86231067621044e-05 	8.065206695934794e-05 	7.876702508832354e-05 	7.971576429669889e-05
3440.0 	3440.0 	7.833499615453993e-05 	1.943820547151205e-05 	7.489706662911513e-05 	7.85001924045279e-05 	7.627801649408143e-05 	7.833499615453993e-05 	7.956517773526958e-05 	7.820942108346684e-05 	7.846559850573674e-05
3470.0 	3470.0 	7.833499615453993e-05 	1.943820547151205e-05 	7.489706662911513e-05 	7.85001924045279e-05 	7.627801649408143e-05 	7.833499615453993e-05 	7.956517773526958e-05 	7.820942108346684e-05 	7.846559850573674e-05
3470.0 	3470.0 	6.543259019926601e-05 	2.3524435599119482e-05 	5.903337514723567e-05 	6.488961414273196e-05 	6.124684786257858e-05 	6.543259019926601e-05 	6.831817661860388e-05 	6.588415932994672e-05 	6.771883722505544e-05
3500.0 	3500.0 	6.543259019926601e-05 	2.3524435599119482e-05 	5.903337514723567e-05 	6.488961414273196e-05 	6.124684786257858e-05 	6.543259019926601e-05 	6.831817661860388e-05 	6.588415932994672e-05 	6.771883722505544e-05
3500.0 	3500.0 	7.017494980716846e-05 	2.012322660612967e-05 	6.521741155818164e-05 	7.020234231359674e-05 	6.678310707623967e-05 	7.017494980716846e-05 	7.241188231541887e-05 	7.016162509482148e-05 	7.140123258096783e-05
3530.0 	3530.0 	7.017494980716846e-05 	2.012322660612967e-05 	6.521741155818164e-05 	7.020234231359674e-05 	6.678310707623967e-05 	7.017494980716846e-05 	7.241188231541887e-05 	7.016162509482148e-05 	7.140123258096783e-05
3530.0 	3530.0 	6.317149201046405e-05 	2.116703267665061e-05 	5.813920407723326e-05 	6.275642386118893e-05 	6.007003497882533e-05 	6.317149201046405e-05 	6.523895803553877e-05 	6.350827294895641e-05 	6.462547565461328e-05
3560.0 	3560.0 	6.317149201046405e-05 	2.116703267665061e-05 	5.813920407723326e-05 	6.275642386118893e-05 	6.007003497882533e-05 	6.317149201046405e-05 	6.523895803553877e-05 	6.350827294895641e-05 	6.462547565461328e-05
3560.0 	3560.0 	6.156608948028235e-05 	2.0996756096718096e-05 	5.623955168631232e-05 	6.129811877062826e-05 	5.8030556696960704e-05 	6.156608948028235e-05 	6.389754023491837e-05 	6.178587424319186e-05 	6.317084428373344e-05
3590.0 	3590.0 	6.156608948028235e-05 	2.0996756096718096e-05 	5.623955168631232e-05 	6.129811877062826e-05 	5.8030556696960704e-05 	6.156608948028235e-05 	6.389754023491837e-05 	6.178587424319186e-05 	6.317084428373344e-05
3590.0 	3590.0 	6.64837954350315e-05 	1.7500562612892196e-05 	6.275557556657296e-05 	6.679930716316077e-05 	6.385957154199292e-05 	6.64837954350315e-05 	6.811705134988207e-05 	6.62429366074002e-05 	6.699229593405318e-05
3620.0 	3620.0 	6.64837954350315e-05 	1.7500562612892196e-05 	6.275557556657296e-05 	6.679930716316077e-05 	6.385957154199292e-05 	6.64837954350315e-05 	6.811705134988207e-05 	6.62429366074002e-05 	6.699229593405318e-05
3620.0 	3620.0 	5.6994228440166364e-05 	1.9712966650792194e-05 	5.251386973597786e-05 	5.674812313782572e-05 	5.41348747224801e-05 	5.6994228440166364e-05 	5.886888315802869e-05 	5.7208061867643114e-05 	5.822418358287101e-05
3650.0 	3650.0 	5.6994228440166364e-05 	1.9712966650792194e-05 	5.251386973597786e-05 	5.674812313782572e-05 	5.41348747224801e-05 	5.6994228440166364e-05 	5.886888315802869e-05 	5.7208061867643114e-05 	5.822418358287101e-05
3650.0 	3650.0 	5.321502540198903e-05 	1.880451374048931e-05 	4.736462704379302e-05 	5.260392431375037e-05 	4.9447272258051976e-05 	5.321502540198903e-05 	5.5756457533862244e-05 	5.371987621799325e-05 	5.534644642909412e-05
3680.0 	3680.0 	5.321502540198903e-05 	1.880451374048931e-05 	4.736462704379302e-05 	5.260392431375037e-05 	4.9447272258051976e-05 	5.321502540198903e-05 	5.5756457533862244e-05 	5.371987621799325e-05 	5.534644642909412e-05
3680.0 	3680.0 	5.5482347539168696e-05 	1.6493165823797025e-05 	5.0707018260369766e-05 	5.529589320758565e-05 	5.2279720208971785e-05 	5.5482347539168696e-05 	5.75510919398286e-05 	5.563993672642979e-05 	5.68516766848358e-05
3710.0 	3710.0 	5.5482347539168696e-05 	1.6493165823797025e-05 	5.0707018260369766e-05 	5.529589320758565e-05 	5.2279720208971785e-05 	5.5482347539168696e-05 	5.75510919398286e-05 	5.563993672642979e-05 	5.68516766848358e-05
3710.0 	3710.0 	5.713603686129298e-05 	1.3918551949475685e-05 	5.367843718743977e-05 	5.703171292176556e-05 	5.507408877499817e-05 	5.713603686129298e-05 	5.8337928070508526e-05 	5.7217644759393016e-05 	5.7623580408411586e-05
3740.0 	3740.0 	5.713603686129298e-05 	1.3918551949475685e-05 	5.367843718743977e-05 	5.703171292176556e-05 	5.507408877499817e-05 	5.713603686129298e-05 	5.8337928070508526e-05 	5.7217644759393016e-05 	5.7623580408411586e-05
3740.0 	3740.0 	5.514276239755621e-05 	1.4646940525648247e-05 	5.203489766279e-05 	5.521159168519268e-05 	5.318138919760151e-05 	5.514276239755621e-05 	5.6256079552784246e-05 	5.509055581178822e-05 	5.5456436907876034e-05
3770.0 	3770.0 	5.514276239755621e-05 	1.4646940525648247e-05 	5.203489766279e-05 	5.521159168519268e-05 	5.318138919760151e-05 	5.514276239755621e-05 	5.6256079552784246e-05 	5.509055581178822e-05 	5.5456436907876034e-05
3770.0 	3770.0 	4.7183506970870834e-05 	1.6599364269648633e-05 	4.197866934244376e-05 	4.684763812862515e-05 	4.3627949062709695e-05 	4.7183506970870834e-05 	4.9542917358377623e-05 	4.746589292438515e-05 	4.901586649133198e-05
3800.0 	3800.0 	4.7183506970870834e-05 	1.6599364269648633e-05 	4.197866934244376e-05 	4.684763812862515e-05 	4.3627949062709695e-05 	4.7183506970870834e-05 	4.9542917358377623e-05 	4.746589292438515e-05 	4.901586649133198e-05
3800.0 	3800.0 	4.9049707751954466e-05 	1.2892909930312604e-05 	4.444955220675863e-05 	4.8677481880478264e-05 	4.6114882779046836e-05 	4.9049707751954466e-05 	5.089892762098291e-05 	4.934981097042122e-05 	5.040629484439639e-05
3830.0 	3830.0 	4.9049707751954466e-05 	1.2892909930312604e-05 	4.444955220675863e-05 	4.8677481880478264e-05 	4.6114882779046836e-05 	4.9049707751954466e-05 	5.089892762098291e-05 	4.934981097042122e-05 	5.040629484439639e-05
3830.0 	3830.0 	4.076141159411549e-05 	1.7438446169278242e-05 	3.621172944049269e-05 	4.017007513386555e-05 	3.796727345337792e-05 	4.076141159411549e-05 	4.2561899574801044e-05 	4.124717190131524e-05 	4.233227924660559e-05
3860.0 	3860.0 	4.076141159411549e-05 	1.7438446169278242e-05 	3.621172944049269e-05 	4.017007513386555e-05 	3.796727345337792e-05 	4.076141159411549e-05 	4.2561899574801044e-05 	4.124717190131524e-05 	4.233227924660559e-05
3860.0 	3860.0 	5.1990940158273236e-05 	1.5324644104157716e-05 	5.04088264571046e-05 	5.2648247122474056e-05 	5.074925082333168e-05 	5.1990940158273236e-05 	5.256205720669778e-05 	5.146151817113102e-05 	5.1425011356128755e-05
3890.0 	3890.0 	5.1990940158273236e-05 	1.5324644104157716e-05 	5.04088264571046e-05 	5.2648247122474056e-05 	5.074925082333168e-05 	5.1990940158273236e-05 	5.256205720669778e-05 	5.146151817113102e-05 	5.1425011356128755e-05
3890.0 	3890.0 	4.309521994306861e-05 	1.1844439186568051e-05 	3.926782189042798e-05 	4.273023977670435e-05 	4.076543954132709e-05 	4.309521994306861e-05 	4.451982808912037e-05 	4.3406448775996146e-05 	4.413644672453884e-05
3920.0 	3920.0 	4.309521994306861e-05 	1.1844439186568051e-05 	3.926782189042798e-05 	4.273023977670435e-05 	4.076543954132709e-05 	4.309521994306861e-05 	4.451982808912037e-05 	4.3406448775996146e-05 	4.413644672453884e-05
3920.0 	3920.0 	3.857831359714247e-05 	1.4492004103177985e-05 	3.349422702503701e-05 	3.810119893287971e-05 	3.516617651506916e-05 	3.857831359714247e-05 	4.0788628318411436e-05 	3.89656591146611e-05 	4.045126912640951e-05
3950.0 	3950.0 	3.857831359714247e-05 	1.4492004103177985e-05 	3.349422702503701e-05 	3.810119893287971e-05 	3.516617651506916e-05 	3.857831359714247e-05 	4.0788628318411436e-05 	3.89656591146611e-05 	4.045126912640951e-05
3950.0 	3950.0 	4.438557870981554e-05 	1.4133701994058943e-05 	4.2291552682713484e-05 	4.472480908964027e-05 	4.290028447741626e-05 	4.438557870981554e-05 	4.513897235348153e-05 	4.410344237103332e-05 	4.4284754922203456e-05
3980.0 	3980.0 	4.438557870981554e-05 	1.4133701994058943e-05 	4.2291552682713484e-05 	4.472480908964027e-05 	4.290028447741626e-05 	4.438557870981554e-05 	4.513897235348153e-05 	4.410344237103332e-05 	4.4284754922203456e-05
3980.0 	3980.0 	4.280437234090891e-05 	1.2296375271719741e-05 	4.028394894908261e-05 	4.3092870807093026e-05 	4.0971652276994385e-05 	4.280437234090891e-05 	4.383006034613773e-05 	4.257479420027264e-05 	4.30102723034032e-05
4010.0 	4010.0 	4.280437234090891e-05 	1.2296375271719741e-05 	4.028394894908261e-05 	4.3092870807093026e-05 	4.0971652276994385e-05 	4.280437234090891e-05 	4.383006034613773e-05 	4.257479420027264e-05 	4.30102723034032e-05
4010.0 	4010.0 	2.9444584649550094e-05 	1.5551073360570864e-05 	2.361425225206487e-05 	2.8574872819863366e-05 	2.562670100171988e-05 	2.9444584649550094e-05 	3.2002153517416325e-05 	3.0161770063338326e-05 	3.202511599255575e-05
4040.0 	4040.0 	2.9444584649550094e-05 	1.5551073360570864e-05 	2.361425225206487e-05 	2.8574872819863366e-05 	2.562670100171988e-05 	2.9444584649550094e-05 	3.2002153517416325e-05 	3.0161770063338326e-05 	3.202511599255575e-05
4040.0 	4040.0 	4.612750304080243e-05 	1.554063242473857e-05 	4.6159526782544414e-05 	4.71420188764687e-05 	4.589203031964565e-05 	4.612750304080243e-05 	4.5937932618484126e-05 	4.529922724433463e-05 	4.466475331401442e-05
4070.0 	4070.0 	4.612750304080243e-05 	1.554063242473857e-05 	4.6159526782544414e-05 	4.71420188764687e-05 	4.589203031964565e-05 	4.612750304080243e-05 	4.5937932618484126e-05 	4.529922724433463e-05 	4.466475331401442e-05
4070.0 	4070.0 	3.3953702018418635e-05 	1.1278929478658262e-05 	3.048076279592133e-05 	3.375425040066868e-05 	3.163738096221573e-05 	3.3953702018418635e-05 	3.536395813700246e-05 	3.412564151762615e-05 	3.495850586411311e-05
4100.0 	4100.0 	3.3953702018418635e-05 	1.1278929478658262e-05 	3.048076279592133e-05 	3.375425040066868e-05 	3.163738096221573e-05 	3.3953702018418635e-05 	3.536395813700246e-05 	3.412564151762615e-05 	3.495850586411311e-05
4115.0 	4115.0 	0.0009112838611424278 	0.0003017088230555163 	0.0008255495514426785 	0.0009130414736378958 	0.0008504465254884463 	0.0009112838611424278 	0.0009411079581503494 	0.0009098802148368434 	0.00092453052479246
