500.0 	500.0 	0.0006812537205245889 	1.8778413549495046e-07 	0.0006975632408867355 	0.0006812537205245889 	0.0006975632408867355 	0.0006812537205245889 	0.0006632371285470403 	0.0006812537205245889 	0.0006632371285470403
530.0 	530.0 	0.0006812537205245889 	1.8778413549495046e-07 	0.0006975632408867355 	0.0006812537205245889 	0.0006975632408867355 	0.0006812537205245889 	0.0006632371285470403 	0.0006812537205245889 	0.0006632371285470403
530.0 	530.0 	0.0007309959142856591 	2.0394235608508306e-07 	0.0007509355491907911 	0.0007309959142856591 	0.0007509355491907911 	0.0007309959142856591 	0.0007096981811322011 	0.0007309959142856591 	0.0007096981811322011
560.0 	560.0 	0.0007309959142856591 	2.0394235608508306e-07 	0.0007509355491907911 	0.0007309959142856591 	0.0007509355491907911 	0.0007309959142856591 	0.0007096981811322011 	0.0007309959142856591 	0.0007096981811322011
560.0 	560.0 	0.0007734631121995396 	2.1809450727763628e-07 	0.0007969893592016683 	0.0007734631121995396 	0.0007969893592016683 	0.0007734631121995396 	0.0007489786755177281 	0.0007734631121995396 	0.0007489786755177281
590.0 	590.0 	0.0007734631121995396 	2.1809450727763628e-07 	0.0007969893592016683 	0.0007734631121995396 	0.0007969893592016683 	0.0007734631121995396 	0.0007489786755177281 	0.0007734631121995396 	0.0007489786755177281
590.0 	590.0 	0.0008096506924363942 	2.322765474348635e-07 	0.0008366814184617655 	0.0008096506924363942 	0.0008366814184617655 	0.0008096506924363942 	0.0007820970064831257 	0.0008096506924363942 	0.0007820970064831257
620.0 	620.0 	0.0008096506924363942 	2.322765474348635e-07 	0.0008366814184617655 	0.0008096506924363942 	0.0008366814184617655 	0.0008096506924363942 	0.0007820970064831257 	0.0008096506924363942 	0.0007820970064831257
620.0 	620.0 	0.000839529269760099 	2.4581363307465563e-07 	0.0008699616333684708 	0.000839529269760099 	0.0008699616333684708 	0.000839529269760099 	0.0008090410830394636 	0.000839529269760099 	0.0008090410830394636
650.0 	650.0 	0.000839529269760099 	2.4581363307465563e-07 	0.0008699616333684708 	0.000839529269760099 	0.0008699616333684708 	0.000839529269760099 	0.0008090410830394636 	0.000839529269760099 	0.0008090410830394636
650.0 	650.0 	0.0008634627535458171 	2.5880561109788084e-07 	0.0008971104972589932 	0.0008634627535458171 	0.0008971104972589932 	0.0008634627535458171 	0.0008302379047252922 	0.0008634627535458171 	0.0008302379047252922
680.0 	680.0 	0.0008634627535458171 	2.5880561109788084e-07 	0.0008971104972589932 	0.0008634627535458171 	0.0008971104972589932 	0.0008634627535458171 	0.0008302379047252922 	0.0008634627535458171 	0.0008302379047252922
680.0 	680.0 	0.0008824331965506542 	2.707784677905973e-07 	0.0009191168260531008 	0.0008824331965506542 	0.0009191168260531008 	0.0008824331965506542 	0.0008466555562581513 	0.0008824331965506542 	0.0008466555562581513
710.0 	710.0 	0.0008824331965506542 	2.707784677905973e-07 	0.0009191168260531008 	0.0008824331965506542 	0.0009191168260531008 	0.0008824331965506542 	0.0008466555562581513 	0.0008824331965506542 	0.0008466555562581513
710.0 	710.0 	0.0008965263397538553 	2.814583636895272e-07 	0.0009360492322101646 	0.0008965263397538553 	0.0009360492322101646 	0.0008965263397538553 	0.0008583947452384386 	0.0008965263397538553 	0.0008583947452384386
740.0 	740.0 	0.0008965263397538553 	2.814583636895272e-07 	0.0009360492322101646 	0.0008965263397538553 	0.0009360492322101646 	0.0008965263397538553 	0.0008583947452384386 	0.0008965263397538553 	0.0008583947452384386
740.0 	740.0 	0.000906867948385298 	2.920301504082144e-07 	0.0009490334814416651 	0.000906867948385298 	0.0009490334814416651 	0.000906867948385298 	0.0008665710213068153 	0.000906867948385298 	0.0008665710213068153
770.0 	770.0 	0.000906867948385298 	2.920301504082144e-07 	0.0009490334814416651 	0.000906867948385298 	0.0009490334814416651 	0.000906867948385298 	0.0008665710213068153 	0.000906867948385298 	0.0008665710213068153
770.0 	770.0 	0.0009131324250257276 	3.014308742049561e-07 	0.0009577226085573565 	0.0009131324250257276 	0.0009577226085573565 	0.0009131324250257276 	0.000870878800999021 	0.0009131324250257276 	0.000870878800999021
800.0 	800.0 	0.0009131324250257276 	3.014308742049561e-07 	0.0009577226085573565 	0.0009131324250257276 	0.0009577226085573565 	0.0009131324250257276 	0.000870878800999021 	0.0009131324250257276 	0.000870878800999021
800.0 	800.0 	0.0009166732752129563 	3.1148447125555794e-07 	0.0009635058306835144 	0.0009166732752129563 	0.0009635058306835144 	0.0009166732752129563 	0.0008726307957281483 	0.0009166732752129563 	0.0008726307957281483
830.0 	830.0 	0.0009166732752129563 	3.1148447125555794e-07 	0.0009635058306835144 	0.0009166732752129563 	0.0009635058306835144 	0.0009166732752129563 	0.0008726307957281483 	0.0009166732752129563 	0.0008726307957281483
830.0 	830.0 	0.0009172491642924274 	3.1971993977868967e-07 	0.0009661139557676506 	0.0009172491642924274 	0.0009661139557676506 	0.0009172491642924274 	0.0008716109884646259 	0.0009172491642924274 	0.0008716109884646259
860.0 	860.0 	0.0009172491642924274 	3.1971993977868967e-07 	0.0009661139557676506 	0.0009172491642924274 	0.0009661139557676506 	0.0009172491642924274 	0.0008716109884646259 	0.0009172491642924274 	0.0008716109884646259
860.0 	860.0 	0.0009143539306410081 	3.2748681705751356e-07 	0.0009650002662227379 	0.0009143539306410081 	0.0009650002662227379 	0.0009143539306410081 	0.0008673467866803542 	0.0009143539306410081 	0.0008673467866803542
890.0 	890.0 	0.0009143539306410081 	3.2748681705751356e-07 	0.0009650002662227379 	0.0009143539306410081 	0.0009650002662227379 	0.0009143539306410081 	0.0008673467866803542 	0.0009143539306410081 	0.0008673467866803542
890.0 	890.0 	0.0009107500215265021 	3.358101053407787e-07 	0.0009630693370784827 	0.0009107500215265021 	0.0009630693370784827 	0.0009107500215265021 	0.0008624691278415113 	0.0009107500215265021 	0.0008624691278415113
920.0 	920.0 	0.0009107500215265021 	3.358101053407787e-07 	0.0009630693370784827 	0.0009107500215265021 	0.0009630693370784827 	0.0009107500215265021 	0.0008624691278415113 	0.0009107500215265021 	0.0008624691278415113
920.0 	920.0 	0.0009037395886366852 	3.422707624698626e-07 	0.000957477017169389 	0.0009037395886366852 	0.000957477017169389 	0.0009037395886366852 	0.000854413667261404 	0.0009037395886366852 	0.000854413667261404
950.0 	950.0 	0.0009037395886366852 	3.422707624698626e-07 	0.000957477017169389 	0.0009037395886366852 	0.000957477017169389 	0.0009037395886366852 	0.000854413667261404 	0.0009037395886366852 	0.000854413667261404
950.0 	950.0 	0.0008963783813445646 	3.4891277440146283e-07 	0.0009514263939210791 	0.0008963783813445646 	0.0009514263939210791 	0.0008963783813445646 	0.000846098708217296 	0.0008963783813445646 	0.000846098708217296
980.0 	980.0 	0.0008963783813445646 	3.4891277440146283e-07 	0.0009514263939210791 	0.0008963783813445646 	0.0009514263939210791 	0.0008963783813445646 	0.000846098708217296 	0.0008963783813445646 	0.000846098708217296
980.0 	980.0 	0.0008872809866680541 	3.5553351989958585e-07 	0.000943455060330511 	0.0008872809866680541 	0.000943455060330511 	0.0008872809866680541 	0.0008362074380637442 	0.0008872809866680541 	0.0008362074380637442
1010.0 	1010.0 	0.0008872809866680541 	3.5553351989958585e-07 	0.000943455060330511 	0.0008872809866680541 	0.000943455060330511 	0.0008872809866680541 	0.0008362074380637442 	0.0008872809866680541 	0.0008362074380637442
1010.0 	1010.0 	0.0008763839028784977 	3.607017822717061e-07 	0.0009335078177802493 	0.0008763839028784977 	0.0009335078177802493 	0.0008763839028784977 	0.0008246701492846492 	0.0008763839028784977 	0.0008246701492846492
1040.0 	1040.0 	0.0008763839028784977 	3.607017822717061e-07 	0.0009335078177802493 	0.0008763839028784977 	0.0009335078177802493 	0.0008763839028784977 	0.0008246701492846492 	0.0008763839028784977 	0.0008246701492846492
1040.0 	1040.0 	0.0008652833454318259 	3.6607530192567705e-07 	0.0009232592912177837 	0.0008652833454318259 	0.0009232592912177837 	0.0008652833454318259 	0.0008130098221925435 	0.0008652833454318259 	0.0008130098221925435
1070.0 	1070.0 	0.0008652833454318259 	3.6607530192567705e-07 	0.0009232592912177837 	0.0008652833454318259 	0.0009232592912177837 	0.0008652833454318259 	0.0008130098221925435 	0.0008652833454318259 	0.0008130098221925435
1070.0 	1070.0 	0.0008528607412025631 	3.709131399596628e-07 	0.0009115222708884553 	0.0008528607412025631 	0.0009115222708884553 	0.0008528607412025631 	0.0008001697564451451 	0.0008528607412025631 	0.0008001697564451451
1100.0 	1100.0 	0.0008528607412025631 	3.709131399596628e-07 	0.0009115222708884553 	0.0008528607412025631 	0.0009115222708884553 	0.0008528607412025631 	0.0008001697564451451 	0.0008528607412025631 	0.0008001697564451451
1100.0 	1100.0 	0.0008388532719737353 	3.7521440227681483e-07 	0.000898025301876216 	0.0008388532719737353 	0.000898025301876216 	0.0008388532719737353 	0.0007858957385542996 	0.0008388532719737353 	0.0007858957385542996
1130.0 	1130.0 	0.0008388532719737353 	3.7521440227681483e-07 	0.000898025301876216 	0.0008388532719737353 	0.000898025301876216 	0.0008388532719737353 	0.0007858957385542996 	0.0008388532719737353 	0.0007858957385542996
1130.0 	1130.0 	0.0008256452550408126 	3.7890812882925715e-07 	0.0008852844706237098 	0.0008256452550408126 	0.0008852844706237098 	0.0008256452550408126 	0.0007724492572292746 	0.0008256452550408126 	0.0007724492572292746
1160.0 	1160.0 	0.0008256452550408126 	3.7890812882925715e-07 	0.0008852844706237098 	0.0008256452550408126 	0.0008852844706237098 	0.0008256452550408126 	0.0007724492572292746 	0.0008256452550408126 	0.0007724492572292746
1160.0 	1160.0 	0.0008108200536025082 	3.84954587044607e-07 	0.0008707805707122579 	0.0008108200536025082 	0.0008707805707122579 	0.0008108200536025082 	0.0007575144662619084 	0.0008108200536025082 	0.0007575144662619084
1190.0 	1190.0 	0.0008108200536025082 	3.84954587044607e-07 	0.0008707805707122579 	0.0008108200536025082 	0.0008707805707122579 	0.0008108200536025082 	0.0007575144662619084 	0.0008108200536025082 	0.0007575144662619084
1190.0 	1190.0 	0.0007971536191458472 	3.8795019454204004e-07 	0.0008574208071319985 	0.0007971536191458472 	0.0008574208071319985 	0.0007971536191458472 	0.0007437405559778561 	0.0007971536191458472 	0.0007437405559778561
1220.0 	1220.0 	0.0007971536191458472 	3.8795019454204004e-07 	0.0008574208071319985 	0.0007971536191458472 	0.0008574208071319985 	0.0007971536191458472 	0.0007437405559778561 	0.0007971536191458472 	0.0007437405559778561
1220.0 	1220.0 	0.0007812395237891338 	3.8940018690390726e-07 	0.0008415694103578571 	0.0007812395237891338 	0.0008415694103578571 	0.0007812395237891338 	0.0007279281733640499 	0.0007812395237891338 	0.0007279281733640499
1250.0 	1250.0 	0.0007812395237891338 	3.8940018690390726e-07 	0.0008415694103578571 	0.0007812395237891338 	0.0008415694103578571 	0.0007812395237891338 	0.0007279281733640499 	0.0007812395237891338 	0.0007279281733640499
1250.0 	1250.0 	0.0007664680955182124 	3.9178701081770136e-07 	0.0008268782021000577 	0.0007664680955182124 	0.0008268782021000577 	0.0007664680955182124 	0.0007132361771551701 	0.0007664680955182124 	0.0007132361771551701
1280.0 	1280.0 	0.0007664680955182124 	3.9178701081770136e-07 	0.0008268782021000577 	0.0007664680955182124 	0.0008268782021000577 	0.0007664680955182124 	0.0007132361771551701 	0.0007664680955182124 	0.0007132361771551701
1280.0 	1280.0 	0.0007504395668081784 	3.927356091773e-07 	0.0008107760412495139 	0.0007504395668081784 	0.0008107760412495139 	0.0007504395668081784 	0.0006974173184358975 	0.0007504395668081784 	0.0006974173184358975
1310.0 	1310.0 	0.0007504395668081784 	3.927356091773e-07 	0.0008107760412495139 	0.0007504395668081784 	0.0008107760412495139 	0.0007504395668081784 	0.0006974173184358975 	0.0007504395668081784 	0.0006974173184358975
1310.0 	1310.0 	0.0007354911388613144 	3.9633400619042436e-07 	0.0007957626683194473 	0.0007354911388613144 	0.0007957626683194473 	0.0007354911388613144 	0.0006826642441841336 	0.0007354911388613144 	0.0006826642441841336
1340.0 	1340.0 	0.0007354911388613144 	3.9633400619042436e-07 	0.0007957626683194473 	0.0007354911388613144 	0.0007957626683194473 	0.0007354911388613144 	0.0006826642441841336 	0.0007354911388613144 	0.0006826642441841336
1340.0 	1340.0 	0.000717924660828384 	3.9471389996718973e-07 	0.0007778414648930144 	0.000717924660828384 	0.0007778414648930144 	0.000717924660828384 	0.0006655375777689567 	0.000717924660828384 	0.0006655375777689567
1370.0 	1370.0 	0.000717924660828384 	3.9471389996718973e-07 	0.0007778414648930144 	0.000717924660828384 	0.0007778414648930144 	0.000717924660828384 	0.0006655375777689567 	0.000717924660828384 	0.0006655375777689567
1370.0 	1370.0 	0.0007039743889914503 	3.995710504755593e-07 	0.0007638175098204905 	0.0007039743889914503 	0.0007638175098204905 	0.0007039743889914503 	0.0006517823838808248 	0.0007039743889914503 	0.0006517823838808248
1400.0 	1400.0 	0.0007039743889914503 	3.995710504755593e-07 	0.0007638175098204905 	0.0007039743889914503 	0.0007638175098204905 	0.0007039743889914503 	0.0006517823838808248 	0.0007039743889914503 	0.0006517823838808248
1400.0 	1400.0 	0.0006886538659569875 	4.0228804651728423e-07 	0.0007482325279263506 	0.0006886538659569875 	0.0007482325279263506 	0.0006886538659569875 	0.0006368159208031293 	0.0006886538659569875 	0.0006368159208031293
1430.0 	1430.0 	0.0006886538659569875 	4.0228804651728423e-07 	0.0007482325279263506 	0.0006886538659569875 	0.0007482325279263506 	0.0006886538659569875 	0.0006368159208031293 	0.0006886538659569875 	0.0006368159208031293
1430.0 	1430.0 	0.000673048253172217 	4.014889345056913e-07 	0.0007322616337024272 	0.000673048253172217 	0.0007322616337024272 	0.000673048253172217 	0.0006216434965626357 	0.000673048253172217 	0.0006216434965626357
1460.0 	1460.0 	0.000673048253172217 	4.014889345056913e-07 	0.0007322616337024272 	0.000673048253172217 	0.0007322616337024272 	0.000673048253172217 	0.0006216434965626357 	0.000673048253172217 	0.0006216434965626357
1460.0 	1460.0 	0.0006572065917498528 	4.0178314708080024e-07 	0.0007159832552188097 	0.0006572065917498528 	0.0007159832552188097 	0.0006572065917498528 	0.0006062930958097356 	0.0006572065917498528 	0.0006062930958097356
1490.0 	1490.0 	0.0006572065917498528 	4.0178314708080024e-07 	0.0007159832552188097 	0.0006572065917498528 	0.0007159832552188097 	0.0006572065917498528 	0.0006062930958097356 	0.0006572065917498528 	0.0006062930958097356
1490.0 	1490.0 	0.0006421192629322994 	4.0194222528618314e-07 	0.0007004686269952995 	0.0006421192629322994 	0.0007004686269952995 	0.0006421192629322994 	0.0005916834787060778 	0.0006421192629322994 	0.0005916834787060778
1520.0 	1520.0 	0.0006421192629322994 	4.0194222528618314e-07 	0.0007004686269952995 	0.0006421192629322994 	0.0007004686269952995 	0.0006421192629322994 	0.0005916834787060778 	0.0006421192629322994 	0.0005916834787060778
1520.0 	1520.0 	0.0006262270101954653 	4.0129981160714573e-07 	0.0006840159800795101 	0.0006262270101954653 	0.0006840159800795101 	0.0006262270101954653 	0.0005763777051423436 	0.0006262270101954653 	0.0005763777051423436
1550.0 	1550.0 	0.0006262270101954653 	4.0129981160714573e-07 	0.0006840159800795101 	0.0006262270101954653 	0.0006840159800795101 	0.0006262270101954653 	0.0005763777051423436 	0.0006262270101954653 	0.0005763777051423436
1550.0 	1550.0 	0.0006112175422158719 	4.004932592848682e-07 	0.0006685087331610537 	0.0006112175422158719 	0.0006685087331610537 	0.0006112175422158719 	0.0005619002817281585 	0.0006112175422158719 	0.0005619002817281585
1580.0 	1580.0 	0.0006112175422158719 	4.004932592848682e-07 	0.0006685087331610537 	0.0006112175422158719 	0.0006685087331610537 	0.0006112175422158719 	0.0005619002817281585 	0.0006112175422158719 	0.0005619002817281585
1580.0 	1580.0 	0.0005969032929084321 	4.0082327293788975e-07 	0.0006536748472774762 	0.0005969032929084321 	0.0006536748472774762 	0.0005969032929084321 	0.0005481276178584768 	0.0005969032929084321 	0.0005481276178584768
1610.0 	1610.0 	0.0005969032929084321 	4.0082327293788975e-07 	0.0006536748472774762 	0.0005969032929084321 	0.0006536748472774762 	0.0005969032929084321 	0.0005481276178584768 	0.0005969032929084321 	0.0005481276178584768
1610.0 	1610.0 	0.0005810074957624055 	3.969464930164784e-07 	0.0006370790869252755 	0.0005810074957624055 	0.0006370790869252755 	0.0005810074957624055 	0.0005329261500390552 	0.0005810074957624055 	0.0005329261500390552
1640.0 	1640.0 	0.0005810074957624055 	3.969464930164784e-07 	0.0006370790869252755 	0.0005810074957624055 	0.0006370790869252755 	0.0005810074957624055 	0.0005329261500390552 	0.0005810074957624055 	0.0005329261500390552
1640.0 	1640.0 	0.0005676645834702876 	3.9876656593234663e-07 	0.0006232349485577934 	0.0005676645834702876 	0.0006232349485577934 	0.0005676645834702876 	0.0005201034287439473 	0.0005676645834702876 	0.0005201034287439473
1670.0 	1670.0 	0.0005676645834702876 	3.9876656593234663e-07 	0.0006232349485577934 	0.0005676645834702876 	0.0006232349485577934 	0.0005676645834702876 	0.0005201034287439473 	0.0005676645834702876 	0.0005201034287439473
1670.0 	1670.0 	0.0005540630742062216 	3.997149939019932e-07 	0.0006090428177184716 	0.0005540630742062216 	0.0006090428177184716 	0.0005540630742062216 	0.000507092175752715 	0.0005540630742062216 	0.000507092175752715
1700.0 	1700.0 	0.0005540630742062216 	3.997149939019932e-07 	0.0006090428177184716 	0.0005540630742062216 	0.0006090428177184716 	0.0005540630742062216 	0.000507092175752715 	0.0005540630742062216 	0.000507092175752715
1700.0 	1700.0 	0.0005393844629782021 	3.949327123636493e-07 	0.0005936396044684005 	0.0005393844629782021 	0.0005936396044684005 	0.0005393844629782021 	0.0004931154348696376 	0.0005393844629782021 	0.0004931154348696376
1730.0 	1730.0 	0.0005393844629782021 	3.949327123636493e-07 	0.0005936396044684005 	0.0005393844629782021 	0.0005936396044684005 	0.0005393844629782021 	0.0004931154348696376 	0.0005393844629782021 	0.0004931154348696376
1730.0 	1730.0 	0.0005253526405893422 	3.9360351796219764e-07 	0.0005789053810874455 	0.0005253526405893422 	0.0005789053810874455 	0.0005253526405893422 	0.000479762887086261 	0.0005253526405893422 	0.000479762887086261
1760.0 	1760.0 	0.0005253526405893422 	3.9360351796219764e-07 	0.0005789053810874455 	0.0005253526405893422 	0.0005789053810874455 	0.0005253526405893422 	0.000479762887086261 	0.0005253526405893422 	0.000479762887086261
1760.0 	1760.0 	0.0005116036074956574 	3.91782101238453e-07 	0.00056443176126292 	0.0005116036074956574 	0.00056443176126292 	0.0005116036074956574 	0.00046670739756735633 	0.0005116036074956574 	0.00046670739756735633
1790.0 	1790.0 	0.0005116036074956574 	3.91782101238453e-07 	0.00056443176126292 	0.0005116036074956574 	0.00056443176126292 	0.0005116036074956574 	0.00046670739756735633 	0.0005116036074956574 	0.00046670739756735633
1790.0 	1790.0 	0.0004994285320305042 	3.9328870043396764e-07 	0.0005516517522158066 	0.0004994285320305042 	0.0005516517522158066 	0.0004994285320305042 	0.0004551206185862301 	0.0004994285320305042 	0.0004551206185862301
1820.0 	1820.0 	0.0004994285320305042 	3.9328870043396764e-07 	0.0005516517522158066 	0.0004994285320305042 	0.0005516517522158066 	0.0004994285320305042 	0.0004551206185862301 	0.0004994285320305042 	0.0004551206185862301
1820.0 	1820.0 	0.0004860829923272423 	3.900556029166523e-07 	0.0005375587205002687 	0.0004860829923272423 	0.0005375587205002687 	0.0004860829923272423 	0.00044248283527797017 	0.0004860829923272423 	0.00044248283527797017
1850.0 	1850.0 	0.0004860829923272423 	3.900556029166523e-07 	0.0005375587205002687 	0.0004860829923272423 	0.0005375587205002687 	0.0004860829923272423 	0.00044248283527797017 	0.0004860829923272423 	0.00044248283527797017
1850.0 	1850.0 	0.0004740820560312044 	3.892598416120923e-07 	0.0005249027674469027 	0.0004740820560312044 	0.0005249027674469027 	0.0004740820560312044 	0.0004311061796760663 	0.0004740820560312044 	0.0004311061796760663
1880.0 	1880.0 	0.0004740820560312044 	3.892598416120923e-07 	0.0005249027674469027 	0.0004740820560312044 	0.0005249027674469027 	0.0004740820560312044 	0.0004311061796760663 	0.0004740820560312044 	0.0004311061796760663
1880.0 	1880.0 	0.0004609427512239305 	3.849600154640032e-07 	0.0005109658842971053 	0.0004609427512239305 	0.0005109658842971053 	0.0004609427512239305 	0.0004187097845056489 	0.0004609427512239305 	0.0004187097845056489
1910.0 	1910.0 	0.0004609427512239305 	3.849600154640032e-07 	0.0005109658842971053 	0.0004609427512239305 	0.0005109658842971053 	0.0004609427512239305 	0.0004187097845056489 	0.0004609427512239305 	0.0004187097845056489
1910.0 	1910.0 	0.0004486633647336605 	3.809788734550294e-07 	0.0004979142327972749 	0.0004486633647336605 	0.0004979142327972749 	0.0004486633647336605 	0.00040714533223625357 	0.0004486633647336605 	0.00040714533223625357
1940.0 	1940.0 	0.0004486633647336605 	3.809788734550294e-07 	0.0004979142327972749 	0.0004486633647336605 	0.0004979142327972749 	0.0004486633647336605 	0.00040714533223625357 	0.0004486633647336605 	0.00040714533223625357
1940.0 	1940.0 	0.00043630525129119863 	3.8974896149355953e-07 	0.0004847716840426937 	0.00043630525129119863 	0.0004847716840426937 	0.00043630525129119863 	0.0003955133546651345 	0.00043630525129119863 	0.0003955133546651345
1970.0 	1970.0 	0.00043630525129119863 	3.8974896149355953e-07 	0.0004847716840426937 	0.00043630525129119863 	0.0004847716840426937 	0.00043630525129119863 	0.0003955133546651345 	0.00043630525129119863 	0.0003955133546651345
1970.0 	1970.0 	0.00042477156681891765 	3.769665979821259e-07 	0.00047249466066567636 	0.00042477156681891765 	0.00047249466066567636 	0.00042477156681891765 	0.0003846659259734544 	0.00042477156681891765 	0.0003846659259734544
2000.0 	2000.0 	0.00042477156681891765 	3.769665979821259e-07 	0.00047249466066567636 	0.00042477156681891765 	0.00047249466066567636 	0.00042477156681891765 	0.0003846659259734544 	0.00042477156681891765 	0.0003846659259734544
2000.0 	2000.0 	0.00041353451127647283 	3.7338693227115766e-07 	0.00046050391780922084 	0.00041353451127647283 	0.00046050391780922084 	0.00041353451127647283 	0.00037411891921056313 	0.00041353451127647283 	0.00037411891921056313
2030.0 	2030.0 	0.00041353451127647283 	3.7338693227115766e-07 	0.00046050391780922084 	0.00041353451127647283 	0.00046050391780922084 	0.00041353451127647283 	0.00037411891921056313 	0.00041353451127647283 	0.00037411891921056313
2030.0 	2030.0 	0.00040234259192304224 	3.6998558959187913e-07 	0.0004485654735056143 	0.00040234259192304224 	0.0004485654735056143 	0.00040234259192304224 	0.00036361293857149746 	0.00040234259192304224 	0.00036361293857149746
2060.0 	2060.0 	0.00040234259192304224 	3.6998558959187913e-07 	0.0004485654735056143 	0.00040234259192304224 	0.0004485654735056143 	0.00040234259192304224 	0.00036361293857149746 	0.00040234259192304224 	0.00036361293857149746
2060.0 	2060.0 	0.0003907392321067768 	3.6780207478543375e-07 	0.0004361064855652822 	0.0003907392321067768 	0.0004361064855652822 	0.0003907392321067768 	0.0003527798925346214 	0.0003907392321067768 	0.0003527798925346214
2090.0 	2090.0 	0.0003907392321067768 	3.6780207478543375e-07 	0.0004361064855652822 	0.0003907392321067768 	0.0004361064855652822 	0.0003907392321067768 	0.0003527798925346214 	0.0003907392321067768 	0.0003527798925346214
2090.0 	2090.0 	0.0003803254793697019 	3.6391793659320764e-07 	0.00042497620481149787 	0.0003803254793697019 	0.00042497620481149787 	0.0003803254793697019 	0.00034302185904148453 	0.0003803254793697019 	0.00034302185904148453
2120.0 	2120.0 	0.0003803254793697019 	3.6391793659320764e-07 	0.00042497620481149787 	0.0003803254793697019 	0.00042497620481149787 	0.0003803254793697019 	0.00034302185904148453 	0.0003803254793697019 	0.00034302185904148453
2120.0 	2120.0 	0.0003697467844016159 	3.6054313299730147e-07 	0.0004136088983680688 	0.0003697467844016159 	0.0004136088983680688 	0.0003697467844016159 	0.00033315259436844283 	0.0003697467844016159 	0.00033315259436844283
2150.0 	2150.0 	0.0003697467844016159 	3.6054313299730147e-07 	0.0004136088983680688 	0.0003697467844016159 	0.0004136088983680688 	0.0003697467844016159 	0.00033315259436844283 	0.0003697467844016159 	0.00033315259436844283
2150.0 	2150.0 	0.00035890774562627616 	3.5900311266336294e-07 	0.00040193393229196904 	0.00035890774562627616 	0.00040193393229196904 	0.00035890774562627616 	0.00032306192466299784 	0.00035890774562627616 	0.00032306192466299784
2180.0 	2180.0 	0.00035890774562627616 	3.5900311266336294e-07 	0.00040193393229196904 	0.00035890774562627616 	0.00040193393229196904 	0.00035890774562627616 	0.00032306192466299784 	0.00035890774562627616 	0.00032306192466299784
2180.0 	2180.0 	0.000349533366784423 	3.5486107507418587e-07 	0.00039185490680811316 	0.000349533366784423 	0.00039185490680811316 	0.000349533366784423 	0.00031432155133011194 	0.000349533366784423 	0.00031432155133011194
2210.0 	2210.0 	0.000349533366784423 	3.5486107507418587e-07 	0.00039185490680811316 	0.000349533366784423 	0.00039185490680811316 	0.000349533366784423 	0.00031432155133011194 	0.000349533366784423 	0.00031432155133011194
2210.0 	2210.0 	0.0003396360309465628 	3.486816938263963e-07 	0.0003811699154413933 	0.0003396360309465628 	0.0003811699154413933 	0.0003396360309465628 	0.00030512603863521197 	0.0003396360309465628 	0.00030512603863521197
2240.0 	2240.0 	0.0003396360309465628 	3.486816938263963e-07 	0.0003811699154413933 	0.0003396360309465628 	0.0003811699154413933 	0.0003396360309465628 	0.00030512603863521197 	0.0003396360309465628 	0.00030512603863521197
2240.0 	2240.0 	0.00033005724793371466 	3.4636489582140666e-07 	0.0003708278887685766 	0.00033005724793371466 	0.0003708278887685766 	0.00033005724793371466 	0.0002962279140885538 	0.00033005724793371466 	0.0002962279140885538
2270.0 	2270.0 	0.00033005724793371466 	3.4636489582140666e-07 	0.0003708278887685766 	0.00033005724793371466 	0.0003708278887685766 	0.00033005724793371466 	0.0002962279140885538 	0.00033005724793371466 	0.0002962279140885538
2270.0 	2270.0 	0.00032118672838003424 	3.426257696856742e-07 	0.0003612454795407842 	0.00032118672838003424 	0.0003612454795407842 	0.00032118672838003424 	0.0002879914409502516 	0.00032118672838003424 	0.0002879914409502516
2300.0 	2300.0 	0.00032118672838003424 	3.426257696856742e-07 	0.0003612454795407842 	0.00032118672838003424 	0.0003612454795407842 	0.00032118672838003424 	0.0002879914409502516 	0.00032118672838003424 	0.0002879914409502516
2300.0 	2300.0 	0.0003117513509863512 	3.3813163707750905e-07 	0.00035102252264043537 	0.0003117513509863512 	0.00035102252264043537 	0.0003117513509863512 	0.00027925274009756636 	0.0003117513509863512 	0.00027925274009756636
2330.0 	2330.0 	0.0003117513509863512 	3.3813163707750905e-07 	0.00035102252264043537 	0.0003117513509863512 	0.00035102252264043537 	0.0003117513509863512 	0.00027925274009756636 	0.0003117513509863512 	0.00027925274009756636
2330.0 	2330.0 	0.00030333608781806014 	3.387238202693791e-07 	0.00034191925516487067 	0.00030333608781806014 	0.00034191925516487067 	0.00030333608781806014 	0.00027144958319396214 	0.00030333608781806014 	0.00027144958319396214
2360.0 	2360.0 	0.00030333608781806014 	3.387238202693791e-07 	0.00034191925516487067 	0.00030333608781806014 	0.00034191925516487067 	0.00030333608781806014 	0.00027144958319396214 	0.00030333608781806014 	0.00027144958319396214
2360.0 	2360.0 	0.0002948440485341391 	3.336504962250156e-07 	0.0003326772127573505 	0.0002948440485341391 	0.0003326772127573505 	0.0002948440485341391 	0.0002636146025744974 	0.0002948440485341391 	0.0002636146025744974
2390.0 	2390.0 	0.0002948440485341391 	3.336504962250156e-07 	0.0003326772127573505 	0.0002948440485341391 	0.0003326772127573505 	0.0002948440485341391 	0.0002636146025744974 	0.0002948440485341391 	0.0002636146025744974
2390.0 	2390.0 	0.00028612143234443035 	3.287590268446432e-07 	0.00032320617228408395 	0.00028612143234443035 	0.00032320617228408395 	0.00028612143234443035 	0.0002555522992753049 	0.00028612143234443035 	0.0002555522992753049
2420.0 	2420.0 	0.00028612143234443035 	3.287590268446432e-07 	0.00032320617228408395 	0.00028612143234443035 	0.00032320617228408395 	0.00028612143234443035 	0.0002555522992753049 	0.00028612143234443035 	0.0002555522992753049
2420.0 	2420.0 	0.00027821509376470087 	3.2741842771041147e-07 	0.0003146168313864653 	0.00027821509376470087 	0.0003146168313864653 	0.00027821509376470087 	0.00024824845766202895 	0.00027821509376470087 	0.00024824845766202895
2450.0 	2450.0 	0.00027821509376470087 	3.2741842771041147e-07 	0.0003146168313864653 	0.00027821509376470087 	0.0003146168313864653 	0.00027821509376470087 	0.00024824845766202895 	0.00027821509376470087 	0.00024824845766202895
2450.0 	2450.0 	0.00026952442353533115 	3.2075380601704474e-07 	0.0003051086086515775 	0.00026952442353533115 	0.0003051086086515775 	0.00026952442353533115 	0.00024026704806815236 	0.00026952442353533115 	0.00024026704806815236
2480.0 	2480.0 	0.00026952442353533115 	3.2075380601704474e-07 	0.0003051086086515775 	0.00026952442353533115 	0.0003051086086515775 	0.00026952442353533115 	0.00024026704806815236 	0.00026952442353533115 	0.00024026704806815236
2480.0 	2480.0 	0.00026162561395764913 	3.15569178258749e-07 	0.0002964664867037778 	0.00026162561395764913 	0.0002964664867037778 	0.00026162561395764913 	0.00023301360463375952 	0.00026162561395764913 	0.00023301360463375952
2510.0 	2510.0 	0.00026162561395764913 	3.15569178258749e-07 	0.0002964664867037778 	0.00026162561395764913 	0.0002964664867037778 	0.00026162561395764913 	0.00023301360463375952 	0.00026162561395764913 	0.00023301360463375952
2510.0 	2510.0 	0.00025437996859321795 	3.1344472339052895e-07 	0.0002885755813062494 	0.00025437996859321795 	0.0002885755813062494 	0.00025437996859321795 	0.00022633502886769874 	0.00025437996859321795 	0.00022633502886769874
2540.0 	2540.0 	0.00025437996859321795 	3.1344472339052895e-07 	0.0002885755813062494 	0.00025437996859321795 	0.0002885755813062494 	0.00025437996859321795 	0.00022633502886769874 	0.00025437996859321795 	0.00022633502886769874
2540.0 	2540.0 	0.0002469566895503849 	3.082434244835095e-07 	0.0002804367438208025 	0.0002469566895503849 	0.0002804367438208025 	0.0002469566895503849 	0.0002195306226335823 	0.0002469566895503849 	0.0002195306226335823
2570.0 	2570.0 	0.0002469566895503849 	3.082434244835095e-07 	0.0002804367438208025 	0.0002469566895503849 	0.0002804367438208025 	0.0002469566895503849 	0.0002195306226335823 	0.0002469566895503849 	0.0002195306226335823
2570.0 	2570.0 	0.0002403950873907258 	3.0490728839548165e-07 	0.00027327154232336623 	0.0002403950873907258 	0.00027327154232336623 	0.0002403950873907258 	0.00021349696889455237 	0.0002403950873907258 	0.00021349696889455237
2600.0 	2600.0 	0.0002403950873907258 	3.0490728839548165e-07 	0.00027327154232336623 	0.0002403950873907258 	0.00027327154232336623 	0.0002403950873907258 	0.00021349696889455237 	0.0002403950873907258 	0.00021349696889455237
2600.0 	2600.0 	0.00023274869755050595 	2.9959475579445834e-07 	0.0002648628540674051 	0.00023274869755050595 	0.0002648628540674051 	0.00023274869755050595 	0.00020650687697104132 	0.00023274869755050595 	0.00020650687697104132
2630.0 	2630.0 	0.00023274869755050595 	2.9959475579445834e-07 	0.0002648628540674051 	0.00023274869755050595 	0.0002648628540674051 	0.00023274869755050595 	0.00020650687697104132 	0.00023274869755050595 	0.00020650687697104132
2630.0 	2630.0 	0.00022557250265106522 	2.9406934367704565e-07 	0.0002569491762051925 	0.00022557250265106522 	0.0002569491762051925 	0.00022557250265106522 	0.00019996206577005293 	0.00022557250265106522 	0.00019996206577005293
2660.0 	2660.0 	0.00022557250265106522 	2.9406934367704565e-07 	0.0002569491762051925 	0.00022557250265106522 	0.0002569491762051925 	0.00022557250265106522 	0.00019996206577005293 	0.00022557250265106522 	0.00019996206577005293
2660.0 	2660.0 	0.00021893326273470637 	2.9102072802001546e-07 	0.0002496467276870891 	0.00021893326273470637 	0.0002496467276870891 	0.00021893326273470637 	0.00019389466066595934 	0.00021893326273470637 	0.00019389466066595934
2690.0 	2690.0 	0.00021893326273470637 	2.9102072802001546e-07 	0.0002496467276870891 	0.00021893326273470637 	0.0002496467276870891 	0.00021893326273470637 	0.00019389466066595934 	0.00021893326273470637 	0.00019389466066595934
2690.0 	2690.0 	0.0002125058076293812 	2.8383755362523186e-07 	0.00024257355201579977 	0.0002125058076293812 	0.00024257355201579977 	0.0002125058076293812 	0.00018802339951233752 	0.0002125058076293812 	0.00018802339951233752
2720.0 	2720.0 	0.0002125058076293812 	2.8383755362523186e-07 	0.00024257355201579977 	0.0002125058076293812 	0.00024257355201579977 	0.0002125058076293812 	0.00018802339951233752 	0.0002125058076293812 	0.00018802339951233752
2720.0 	2720.0 	0.00020641190017994576 	2.836675230811578e-07 	0.0002358677767258879 	0.00020641190017994576 	0.0002358677767258879 	0.00020641190017994576 	0.00018245721868464287 	0.00020641190017994576 	0.00018245721868464287
2750.0 	2750.0 	0.00020641190017994576 	2.836675230811578e-07 	0.0002358677767258879 	0.00020641190017994576 	0.0002358677767258879 	0.00020641190017994576 	0.00018245721868464287 	0.00020641190017994576 	0.00018245721868464287
2750.0 	2750.0 	0.00020010851287821063 	2.8029184145831887e-07 	0.00022889520356280337 	0.00020010851287821063 	0.00022889520356280337 	0.00020010851287821063 	0.00017672508436159768 	0.00020010851287821063 	0.00017672508436159768
2780.0 	2780.0 	0.00020010851287821063 	2.8029184145831887e-07 	0.00022889520356280337 	0.00020010851287821063 	0.00022889520356280337 	0.00020010851287821063 	0.00017672508436159768 	0.00020010851287821063 	0.00017672508436159768
2780.0 	2780.0 	0.0001943832275472232 	2.734503658520821e-07 	0.0002225632165884443 	0.0001943832275472232 	0.0002225632165884443 	0.0001943832275472232 	0.00017151773908395988 	0.0001943832275472232 	0.00017151773908395988
2810.0 	2810.0 	0.0001943832275472232 	2.734503658520821e-07 	0.0002225632165884443 	0.0001943832275472232 	0.0002225632165884443 	0.0001943832275472232 	0.00017151773908395988 	0.0001943832275472232 	0.00017151773908395988
2810.0 	2810.0 	0.00018830190066180532 	2.6649137550370525e-07 	0.00021582394964655158 	0.00018830190066180532 	0.00021582394964655158 	0.00018830190066180532 	0.000165996634069592 	0.00018830190066180532 	0.000165996634069592
2840.0 	2840.0 	0.00018830190066180532 	2.6649137550370525e-07 	0.00021582394964655158 	0.00018830190066180532 	0.00021582394964655158 	0.00018830190066180532 	0.000165996634069592 	0.00018830190066180532 	0.000165996634069592
2840.0 	2840.0 	0.00018292791660134392 	2.6422471050566856e-07 	0.00020988055153292227 	0.00018292791660134392 	0.00020988055153292227 	0.00018292791660134392 	0.0001611097354178042 	0.00018292791660134392 	0.0001611097354178042
2870.0 	2870.0 	0.00018292791660134392 	2.6422471050566856e-07 	0.00020988055153292227 	0.00018292791660134392 	0.00020988055153292227 	0.00018292791660134392 	0.0001611097354178042 	0.00018292791660134392 	0.0001611097354178042
2870.0 	2870.0 	0.0001771925299041904 	2.6486408461800937e-07 	0.00020349800789007781 	0.0001771925299041904 	0.00020349800789007781 	0.0001771925299041904 	0.00015592106324467908 	0.0001771925299041904 	0.00015592106324467908
2900.0 	2900.0 	0.0001771925299041904 	2.6486408461800937e-07 	0.00020349800789007781 	0.0001771925299041904 	0.00020349800789007781 	0.0001771925299041904 	0.00015592106324467908 	0.0001771925299041904 	0.00015592106324467908
2900.0 	2900.0 	0.0001715998283439548 	2.5788851302623356e-07 	0.00019728396534429875 	0.0001715998283439548 	0.00019728396534429875 	0.0001715998283439548 	0.00015085608265774308 	0.0001715998283439548 	0.00015085608265774308
2930.0 	2930.0 	0.0001715998283439548 	2.5788851302623356e-07 	0.00019728396534429875 	0.0001715998283439548 	0.00019728396534429875 	0.0001715998283439548 	0.00015085608265774308 	0.0001715998283439548 	0.00015085608265774308
2930.0 	2930.0 	0.0001665534806100184 	2.535373793704793e-07 	0.00019167158068620477 	0.0001665534806100184 	0.00019167158068620477 	0.0001665534806100184 	0.00014628917291685645 	0.0001665534806100184 	0.00014628917291685645
2960.0 	2960.0 	0.0001665534806100184 	2.535373793704793e-07 	0.00019167158068620477 	0.0001665534806100184 	0.00019167158068620477 	0.0001665534806100184 	0.00014628917291685645 	0.0001665534806100184 	0.00014628917291685645
2960.0 	2960.0 	0.0001613183647008057 	2.450361470698571e-07 	0.00018583537017162507 	0.0001613183647008057 	0.00018583537017162507 	0.0001613183647008057 	0.00014156162055736695 	0.0001613183647008057 	0.00014156162055736695
2990.0 	2990.0 	0.0001613183647008057 	2.450361470698571e-07 	0.00018583537017162507 	0.0001613183647008057 	0.00018583537017162507 	0.0001613183647008057 	0.00014156162055736695 	0.0001613183647008057 	0.00014156162055736695
2990.0 	2990.0 	0.00015655904630627047 	2.4313716666819023e-07 	0.00018053289092628678 	0.00015655904630627047 	0.00018053289092628678 	0.00015655904630627047 	0.000137261596572547 	0.00015655904630627047 	0.000137261596572547
3020.0 	3020.0 	0.00015655904630627047 	2.4313716666819023e-07 	0.00018053289092628678 	0.00015655904630627047 	0.00018053289092628678 	0.00015655904630627047 	0.000137261596572547 	0.00015655904630627047 	0.000137261596572547
3020.0 	3020.0 	0.00015177228716758243 	2.392179709770485e-07 	0.00017520157771530638 	0.00015177228716758243 	0.00017520157771530638 	0.00015177228716758243 	0.00013293612566417433 	0.00015177228716758243 	0.00013293612566417433
3050.0 	3050.0 	0.00015177228716758243 	2.392179709770485e-07 	0.00017520157771530638 	0.00015177228716758243 	0.00017520157771530638 	0.00015177228716758243 	0.00013293612566417433 	0.00015177228716758243 	0.00013293612566417433
3050.0 	3050.0 	0.00014723100032702424 	2.4068113528340256e-07 	0.0001701273609921304 	0.00014723100032702424 	0.0001701273609921304 	0.00014723100032702424 	0.00012884345180418693 	0.00014723100032702424 	0.00012884345180418693
3080.0 	3080.0 	0.00014723100032702424 	2.4068113528340256e-07 	0.0001701273609921304 	0.00014723100032702424 	0.0001701273609921304 	0.00014723100032702424 	0.00012884345180418693 	0.00014723100032702424 	0.00012884345180418693
3080.0 	3080.0 	0.0001425461727624031 	2.323024583408065e-07 	0.00016487318116195147 	0.0001425461727624031 	0.00016487318116195147 	0.0001425461727624031 	0.0001246348130165888 	0.0001425461727624031 	0.0001246348130165888
3110.0 	3110.0 	0.0001425461727624031 	2.323024583408065e-07 	0.00016487318116195147 	0.0001425461727624031 	0.00016487318116195147 	0.0001425461727624031 	0.0001246348130165888 	0.0001425461727624031 	0.0001246348130165888
3110.0 	3110.0 	0.00013757265102632435 	2.240659058232661e-07 	0.00015928213066478472 	0.00013757265102632435 	0.00015928213066478472 	0.00013757265102632435 	0.00012017638992924217 	0.00013757265102632435 	0.00012017638992924217
3140.0 	3140.0 	0.00013757265102632435 	2.240659058232661e-07 	0.00015928213066478472 	0.00013757265102632435 	0.00015928213066478472 	0.00013757265102632435 	0.00012017638992924217 	0.00013757265102632435 	0.00012017638992924217
3140.0 	3140.0 	0.0001338727518656287 	2.2403668683810864e-07 	0.00015515579599403458 	0.0001338727518656287 	0.00015515579599403458 	0.0001338727518656287 	0.00011683741422860758 	0.0001338727518656287 	0.00011683741422860758
3170.0 	3170.0 	0.0001338727518656287 	2.2403668683810864e-07 	0.00015515579599403458 	0.0001338727518656287 	0.00015515579599403458 	0.0001338727518656287 	0.00011683741422860758 	0.0001338727518656287 	0.00011683741422860758
3170.0 	3170.0 	0.00012964961309388373 	2.1882333968942046e-07 	0.00015040271973647048 	0.00012964961309388373 	0.00015040271973647048 	0.00012964961309388373 	0.00011305526843032645 	0.00012964961309388373 	0.00011305526843032645
3200.0 	3200.0 	0.00012964961309388373 	2.1882333968942046e-07 	0.00015040271973647048 	0.00012964961309388373 	0.00015040271973647048 	0.00012964961309388373 	0.00011305526843032645 	0.00012964961309388373 	0.00011305526843032645
3200.0 	3200.0 	0.00012561380557190102 	2.138559649633197e-07 	0.0001458719154261321 	0.00012561380557190102 	0.0001458719154261321 	0.00012561380557190102 	0.00010943409244883881 	0.00012561380557190102 	0.00010943409244883881
3230.0 	3230.0 	0.00012561380557190102 	2.138559649633197e-07 	0.0001458719154261321 	0.00012561380557190102 	0.0001458719154261321 	0.00012561380557190102 	0.00010943409244883881 	0.00012561380557190102 	0.00010943409244883881
3230.0 	3230.0 	0.00012194075842617068 	2.1297688450510702e-07 	0.00014174721914664894 	0.00012194075842617068 	0.00014174721914664894 	0.00012194075842617068 	0.00010613891095145608 	0.00012194075842617068 	0.00010613891095145608
3260.0 	3260.0 	0.00012194075842617068 	2.1297688450510702e-07 	0.00014174721914664894 	0.00012194075842617068 	0.00014174721914664894 	0.00012194075842617068 	0.00010613891095145608 	0.00012194075842617068 	0.00010613891095145608
3260.0 	3260.0 	0.00011773461363052569 	2.048474089715261e-07 	0.00013698756118117467 	0.00011773461363052569 	0.00013698756118117467 	0.00011773461363052569 	0.0001023899468922316 	0.00011773461363052569 	0.0001023899468922316
3290.0 	3290.0 	0.00011773461363052569 	2.048474089715261e-07 	0.00013698756118117467 	0.00011773461363052569 	0.00013698756118117467 	0.00011773461363052569 	0.0001023899468922316 	0.00011773461363052569 	0.0001023899468922316
3290.0 	3290.0 	0.00011373177311656874 	2.0266916309386526e-07 	0.00013245830830662726 	0.00011373177311656874 	0.00013245830830662726 	0.00011373177311656874 	9.882218127194836e-05 	0.00011373177311656874 	9.882218127194836e-05
3320.0 	3320.0 	0.00011373177311656874 	2.0266916309386526e-07 	0.00013245830830662726 	0.00011373177311656874 	0.00013245830830662726 	0.00011373177311656874 	9.882218127194836e-05 	0.00011373177311656874 	9.882218127194836e-05
3320.0 	3320.0 	0.00011015641913595838 	1.986313839763797e-07 	0.0001284291425060109 	0.00011015641913595838 	0.0001284291425060109 	0.00011015641913595838 	9.562512759961084e-05 	0.00011015641913595838 	9.562512759961084e-05
3350.0 	3350.0 	0.00011015641913595838 	1.986313839763797e-07 	0.0001284291425060109 	0.00011015641913595838 	0.0001284291425060109 	0.00011015641913595838 	9.562512759961084e-05 	0.00011015641913595838 	9.562512759961084e-05
3350.0 	3350.0 	0.00010694298714435556 	2.0701083311341962e-07 	0.00012480637517174042 	0.00010694298714435556 	0.00012480637517174042 	0.00010694298714435556 	9.275270195199903e-05 	0.00010694298714435556 	9.275270195199903e-05
3380.0 	3380.0 	0.00010694298714435556 	2.0701083311341962e-07 	0.00012480637517174042 	0.00010694298714435556 	0.00012480637517174042 	0.00010694298714435556 	9.275270195199903e-05 	0.00010694298714435556 	9.275270195199903e-05
3380.0 	3380.0 	0.00010342040537144974 	1.916285624289744e-07 	0.00012081133022543763 	0.00010342040537144974 	0.00012081133022543763 	0.00010342040537144974 	8.961968752331767e-05 	0.00010342040537144974 	8.961968752331767e-05
3410.0 	3410.0 	0.00010342040537144974 	1.916285624289744e-07 	0.00012081133022543763 	0.00010342040537144974 	0.00012081133022543763 	0.00010342040537144974 	8.961968752331767e-05 	0.00010342040537144974 	8.961968752331767e-05
3410.0 	3410.0 	0.0001002181304794037 	1.8636509495112815e-07 	0.00011717988679164866 	0.0001002181304794037 	0.00011717988679164866 	0.0001002181304794037 	8.677166907742592e-05 	0.0001002181304794037 	8.677166907742592e-05
3440.0 	3440.0 	0.0001002181304794037 	1.8636509495112815e-07 	0.00011717988679164866 	0.0001002181304794037 	0.00011717988679164866 	0.0001002181304794037 	8.677166907742592e-05 	0.0001002181304794037 	8.677166907742592e-05
3440.0 	3440.0 	9.68703410067782e-05 	1.8505065001148863e-07 	0.00011337687534315379 	9.68703410067782e-05 	0.00011337687534315379 	9.68703410067782e-05 	8.379869250598372e-05 	9.68703410067782e-05 	8.379869250598372e-05
3470.0 	3470.0 	9.68703410067782e-05 	1.8505065001148863e-07 	0.00011337687534315379 	9.68703410067782e-05 	0.00011337687534315379 	9.68703410067782e-05 	8.379869250598372e-05 	9.68703410067782e-05 	8.379869250598372e-05
3470.0 	3470.0 	9.37888922288259e-05 	1.8167561247027961e-07 	0.00010988210464009782 	9.37888922288259e-05 	0.00010988210464009782 	9.37888922288259e-05 	8.105836720011742e-05 	9.37888922288259e-05 	8.105836720011742e-05
3500.0 	3500.0 	9.37888922288259e-05 	1.8167561247027961e-07 	0.00010988210464009782 	9.37888922288259e-05 	0.00010988210464009782 	9.37888922288259e-05 	8.105836720011742e-05 	9.37888922288259e-05 	8.105836720011742e-05
3500.0 	3500.0 	9.064133939783564e-05 	1.7803781878865848e-07 	0.00010629826274591142 	9.064133939783564e-05 	0.00010629826274591142 	9.064133939783564e-05 	7.826894355552275e-05 	9.064133939783564e-05 	7.826894355552275e-05
3530.0 	3530.0 	9.064133939783564e-05 	1.7803781878865848e-07 	0.00010629826274591142 	9.064133939783564e-05 	0.00010629826274591142 	9.064133939783564e-05 	7.826894355552275e-05 	9.064133939783564e-05 	7.826894355552275e-05
3530.0 	3530.0 	8.766775177508576e-05 	1.723875661029599e-07 	0.00010291267301029499 	8.766775177508576e-05 	0.00010291267301029499 	8.766775177508576e-05 	7.563395434267433e-05 	8.766775177508576e-05 	7.563395434267433e-05
3560.0 	3560.0 	8.766775177508576e-05 	1.723875661029599e-07 	0.00010291267301029499 	8.766775177508576e-05 	0.00010291267301029499 	8.766775177508576e-05 	7.563395434267433e-05 	8.766775177508576e-05 	7.563395434267433e-05
3560.0 	3560.0 	8.492803131784354e-05 	1.6733725392918165e-07 	9.979624621969286e-05 	8.492803131784354e-05 	9.979624621969286e-05 	8.492803131784354e-05 	7.320444244306676e-05 	8.492803131784354e-05 	7.320444244306676e-05
3590.0 	3590.0 	8.492803131784354e-05 	1.6733725392918165e-07 	9.979624621969286e-05 	8.492803131784354e-05 	9.979624621969286e-05 	8.492803131784354e-05 	7.320444244306676e-05 	8.492803131784354e-05 	7.320444244306676e-05
3590.0 	3590.0 	8.205791960999558e-05 	1.664637024260443e-07 	9.651653783459794e-05 	8.205791960999558e-05 	9.651653783459794e-05 	8.205791960999558e-05 	7.066897301031832e-05 	8.205791960999558e-05 	7.066897301031832e-05
3620.0 	3620.0 	8.205791960999558e-05 	1.664637024260443e-07 	9.651653783459794e-05 	8.205791960999558e-05 	9.651653783459794e-05 	8.205791960999558e-05 	7.066897301031832e-05 	8.205791960999558e-05 	7.066897301031832e-05
3620.0 	3620.0 	7.950913912733819e-05 	1.6205774947747731e-07 	9.361258547031013e-05 	7.950913912733819e-05 	9.361258547031013e-05 	7.950913912733819e-05 	6.841181040111193e-05 	7.950913912733819e-05 	6.841181040111193e-05
3650.0 	3650.0 	7.950913912733819e-05 	1.6205774947747731e-07 	9.361258547031013e-05 	7.950913912733819e-05 	9.361258547031013e-05 	7.950913912733819e-05 	6.841181040111193e-05 	7.950913912733819e-05 	6.841181040111193e-05
3650.0 	3650.0 	7.701190387159472e-05 	1.5843181748311654e-07 	9.07596349155847e-05 	7.701190387159472e-05 	9.07596349155847e-05 	7.701190387159472e-05 	6.620576362983975e-05 	7.701190387159472e-05 	6.620576362983975e-05
3680.0 	3680.0 	7.701190387159472e-05 	1.5843181748311654e-07 	9.07596349155847e-05 	7.701190387159472e-05 	9.07596349155847e-05 	7.701190387159472e-05 	6.620576362983975e-05 	7.701190387159472e-05 	6.620576362983975e-05
3680.0 	3680.0 	7.388076404951283e-05 	1.5328529580666494e-07 	8.715091317888126e-05 	7.388076404951283e-05 	8.715091317888126e-05 	7.388076404951283e-05 	6.346015940039292e-05 	7.388076404951283e-05 	6.346015940039292e-05
3710.0 	3710.0 	7.388076404951283e-05 	1.5328529580666494e-07 	8.715091317888126e-05 	7.388076404951283e-05 	8.715091317888126e-05 	7.388076404951283e-05 	6.346015940039292e-05 	7.388076404951283e-05 	6.346015940039292e-05
3710.0 	3710.0 	7.183130233820109e-05 	1.510491516961173e-07 	8.482199771508798e-05 	7.183130233820109e-05 	8.482199771508798e-05 	7.183130233820109e-05 	6.164193178246229e-05 	7.183130233820109e-05 	6.164193178246229e-05
3740.0 	3740.0 	7.183130233820109e-05 	1.510491516961173e-07 	8.482199771508798e-05 	7.183130233820109e-05 	8.482199771508798e-05 	7.183130233820109e-05 	6.164193178246229e-05 	7.183130233820109e-05 	6.164193178246229e-05
3740.0 	3740.0 	6.937944041203253e-05 	1.4806198372054915e-07 	8.20042463886302e-05 	6.937944041203253e-05 	8.20042463886302e-05 	6.937944041203253e-05 	5.948676881599806e-05 	6.937944041203253e-05 	5.948676881599806e-05
3770.0 	3770.0 	6.937944041203253e-05 	1.4806198372054915e-07 	8.20042463886302e-05 	6.937944041203253e-05 	8.20042463886302e-05 	6.937944041203253e-05 	5.948676881599806e-05 	6.937944041203253e-05 	5.948676881599806e-05
3770.0 	3770.0 	6.697417979168893e-05 	1.4516465044189565e-07 	7.923904447620694e-05 	6.697417979168893e-05 	7.923904447620694e-05 	6.697417979168893e-05 	5.73736504818966e-05 	6.697417979168893e-05 	5.73736504818966e-05
3800.0 	3800.0 	6.697417979168893e-05 	1.4516465044189565e-07 	7.923904447620694e-05 	6.697417979168893e-05 	7.923904447620694e-05 	6.697417979168893e-05 	5.73736504818966e-05 	6.697417979168893e-05 	5.73736504818966e-05
3800.0 	3800.0 	6.471644996566928e-05 	1.4064946053646017e-07 	7.664279289503088e-05 	6.471644996566928e-05 	7.664279289503088e-05 	6.471644996566928e-05 	5.539083404090287e-05 	6.471644996566928e-05 	5.539083404090287e-05
3830.0 	3830.0 	6.471644996566928e-05 	1.4064946053646017e-07 	7.664279289503088e-05 	6.471644996566928e-05 	7.664279289503088e-05 	6.471644996566928e-05 	5.539083404090287e-05 	6.471644996566928e-05 	5.539083404090287e-05
3830.0 	3830.0 	6.288331159617607e-05 	1.4825651971688234e-07 	7.454601371352885e-05 	6.288331159617607e-05 	7.454601371352885e-05 	6.288331159617607e-05 	5.377351961871207e-05 	6.288331159617607e-05 	5.377351961871207e-05
3860.0 	3860.0 	6.288331159617607e-05 	1.4825651971688234e-07 	7.454601371352885e-05 	6.288331159617607e-05 	7.454601371352885e-05 	6.288331159617607e-05 	5.377351961871207e-05 	6.288331159617607e-05 	5.377351961871207e-05
3860.0 	3860.0 	6.0728970332247175e-05 	1.363887289061978e-07 	7.20554882160613e-05 	6.0728970332247175e-05 	7.20554882160613e-05 	6.0728970332247175e-05 	5.188977064774076e-05 	6.0728970332247175e-05 	5.188977064774076e-05
3890.0 	3890.0 	6.0728970332247175e-05 	1.363887289061978e-07 	7.20554882160613e-05 	6.0728970332247175e-05 	7.20554882160613e-05 	6.0728970332247175e-05 	5.188977064774076e-05 	6.0728970332247175e-05 	5.188977064774076e-05
3890.0 	3890.0 	5.832575769378671e-05 	1.3029116612048983e-07 	6.926903042124176e-05 	5.832575769378671e-05 	6.926903042124176e-05 	5.832575769378671e-05 	4.979405670294391e-05 	5.832575769378671e-05 	4.979405670294391e-05
3920.0 	3920.0 	5.832575769378671e-05 	1.3029116612048983e-07 	6.926903042124176e-05 	5.832575769378671e-05 	6.926903042124176e-05 	5.832575769378671e-05 	4.979405670294391e-05 	5.832575769378671e-05 	4.979405670294391e-05
3920.0 	3920.0 	5.66879839096333e-05 	1.3112471879326704e-07 	6.739665707371794e-05 	5.66879839096333e-05 	6.739665707371794e-05 	5.66879839096333e-05 	4.834890536679566e-05 	5.66879839096333e-05 	4.834890536679566e-05
3950.0 	3950.0 	5.66879839096333e-05 	1.3112471879326704e-07 	6.739665707371794e-05 	5.66879839096333e-05 	6.739665707371794e-05 	5.66879839096333e-05 	4.834890536679566e-05 	5.66879839096333e-05 	4.834890536679566e-05
3950.0 	3950.0 	5.467411668814744e-05 	1.268967564794659e-07 	6.506756908418126e-05 	5.467411668814744e-05 	6.506756908418126e-05 	5.467411668814744e-05 	4.6589202293725144e-05 	5.467411668814744e-05 	4.6589202293725144e-05
3980.0 	3980.0 	5.467411668814744e-05 	1.268967564794659e-07 	6.506756908418126e-05 	5.467411668814744e-05 	6.506756908418126e-05 	5.467411668814744e-05 	4.6589202293725144e-05 	5.467411668814744e-05 	4.6589202293725144e-05
3980.0 	3980.0 	5.263188454169518e-05 	1.242538938565405e-07 	6.269507633142857e-05 	5.263188454169518e-05 	6.269507633142857e-05 	5.263188454169518e-05 	4.481139757606982e-05 	5.263188454169518e-05 	4.481139757606982e-05
4010.0 	4010.0 	5.263188454169518e-05 	1.242538938565405e-07 	6.269507633142857e-05 	5.263188454169518e-05 	6.269507633142857e-05 	5.263188454169518e-05 	4.481139757606982e-05 	5.263188454169518e-05 	4.481139757606982e-05
4010.0 	4010.0 	5.0929660297418555e-05 	1.200744991163013e-07 	6.07267005959582e-05 	5.0929660297418555e-05 	6.07267005959582e-05 	5.0929660297418555e-05 	4.332394734488485e-05 	5.0929660297418555e-05 	4.332394734488485e-05
4040.0 	4040.0 	5.0929660297418555e-05 	1.200744991163013e-07 	6.07267005959582e-05 	5.0929660297418555e-05 	6.07267005959582e-05 	5.0929660297418555e-05 	4.332394734488485e-05 	5.0929660297418555e-05 	4.332394734488485e-05
4040.0 	4040.0 	4.931800782040552e-05 	1.182100449568803e-07 	5.8860682195045885e-05 	4.931800782040552e-05 	5.8860682195045885e-05 	4.931800782040552e-05 	4.191724225095588e-05 	4.931800782040552e-05 	4.191724225095588e-05
4070.0 	4070.0 	4.931800782040552e-05 	1.182100449568803e-07 	5.8860682195045885e-05 	4.931800782040552e-05 	5.8860682195045885e-05 	4.931800782040552e-05 	4.191724225095588e-05 	4.931800782040552e-05 	4.191724225095588e-05
4070.0 	4070.0 	4.735582227251902e-05 	1.1404266684882788e-07 	5.6575939996190965e-05 	4.735582227251902e-05 	5.6575939996190965e-05 	4.735582227251902e-05 	4.0212753766351426e-05 	4.735582227251902e-05 	4.0212753766351426e-05
4100.0 	4100.0 	4.735582227251902e-05 	1.1404266684882788e-07 	5.6575939996190965e-05 	4.735582227251902e-05 	5.6575939996190965e-05 	4.735582227251902e-05 	4.0212753766351426e-05 	4.735582227251902e-05 	4.0212753766351426e-05
4115.0 	4115.0 	0.0011986500704889629 	4.807421148654951e-07 	0.0014659358297470157 	0.0011986500704889629 	0.0014659358297470157 	0.0011986500704889629 	0.000996931850696679 	0.0011986500704889629 	0.000996931850696679
